"id","sex","deg","year_degree","field","start_year","rank","admin","salary"
1,"F","Other",92,"Other",95,"Assist",0,6684
2,"M","Other",91,"Other",94,"Assist",0,4881
4,"M","PhD",96,"Other",95,"Assist",0,4231
6,"M","PhD",66,"Other",91,"Full",0,12184
7,"M","PhD",70,"Other",71,"Assoc",0,4604
8,"M","PhD",75,"Other",95,"Assist",0,4047.674
9,"M","PhD",82,"Other",87,"Assoc",0,5472
10,"M","PhD",68,"Arts",80,"Full",0,7494
12,"M","PhD",64,"Other",64,"Full",0,9286
13,"M","PhD",68,"Prof",69,"Full",0,8770
14,"M","PhD",79,"Other",92,"Full",0,9477
15,"M","PhD",72,"Other",91,"Full",0,5088
16,"M","PhD",73,"Other",79,"Full",0,7935
17,"M","PhD",72,"Other",72,"Full",0,5472
18,"M","PhD",67,"Prof",69,"Full",0,7069
19,"M","PhD",79,"Other",91,"Assoc",0,4332
20,"F","PhD",92,"Arts",95,"Assist",0,4231
21,"M","PhD",88,"Arts",88,"Assoc",0,4171
22,"M","PhD",93,"Other",93,"Assist",0,4881
23,"M","PhD",70,"Other",70,"Full",0,10867
24,"M","PhD",76,"Prof",83,"Full",0,9420
26,"M","PhD",67,"Other",71,"Full",0,5022
28,"M","PhD",92,"Prof",93,"Assist",0,4292
29,"M","PhD",80,"Other",81,"Assoc",0,5022
30,"M","PhD",78,"Other",87,"Full",0,6488
31,"M","PhD",86,"Other",90,"Assoc",0,5022
32,"M","PhD",91,"Arts",95,"Assist",0,3939
34,"M","PhD",86,"Other",95,"Assoc",0,8278
35,"M","PhD",64,"Other",65,"Full",0,8165
36,"M","PhD",67,"Prof",73,"Full",0,6684
37,"F","PhD",93,"Other",93,"Assist",0,4292
39,"M","PhD",59,"Prof",95,"Full",0,14464
40,"M","PhD",62,"Other",70,"Full",0,7712
41,"M","PhD",66,"Other",66,"Full",0,7361
42,"M","PhD",88,"Prof",88,"Assoc",0,6684
44,"F","PhD",95,"Other",95,"Assist",0,4292
45,"F","PhD",69,"Arts",83,"Assoc",0,4353
46,"M","PhD",77,"Arts",87,"Full",0,5394
47,"M","PhD",68,"Other",68,"Full",0,5712
48,"M","PhD",56,"Other",90,"Full",0,13086
49,"M","PhD",71,"Other",73,"Full",0,5472
51,"M","PhD",58,"Other",62,"Full",0,6496
52,"M","PhD",81,"Other",89,"Assoc",0,7283
53,"M","PhD",66,"Other",66,"Full",1,8283
54,"F","PhD",92,"Other",95,"Assist",0,4875
55,"M","PhD",91,"Other",94,"Assist",0,4676
56,"M","PhD",93,"Other",93,"Assist",0,8232
58,"F","PhD",74,"Other",75,"Full",0,7494
59,"F","PhD",89,"Arts",90,"Assist",0,3774
60,"M","PhD",79,"Other",81,"Assoc",0,5472
61,"M","PhD",76,"Other",84,"Full",0,8283
62,"M","PhD",72,"Other",72,"Assoc",0,4231
63,"M","PhD",88,"Other",90,"Assoc",0,4610
64,"M","PhD",64,"Other",65,"Full",0,9974
65,"M","PhD",70,"Prof",85,"Full",0,10411
66,"M","PhD",75,"Prof",77,"Full",0,8165
67,"M","PhD",68,"Other",88,"Full",0,13275
68,"M","PhD",77,"Other",83,"Full",0,9128
69,"M","PhD",81,"Other",81,"Assoc",0,4544
70,"F","PhD",83,"Other",87,"Assoc",0,4474
71,"M","PhD",61,"Other",63,"Assoc",0,4231
72,"M","PhD",88,"Prof",88,"Assoc",0,6404
73,"M","PhD",73,"Other",73,"Assoc",0,4875
74,"M","PhD",71,"Other",72,"Full",0,7180
75,"M","PhD",72,"Other",71,"Full",0,10442
76,"M","PhD",57,"Other",65,"Full",0,7823
77,"M","PhD",60,"Other",65,"Full",0,9420
78,"M","PhD",72,"Other",83,"Assoc",0,5236
81,"M","PhD",64,"Other",64,"Assoc",0,4544
82,"M","PhD",65,"Other",69,"Full",1,7180
83,"M","PhD",67,"Prof",84,"Full",0,10118
84,"M","PhD",82,"Arts",83,"Full",0,5712
86,"F","PhD",94,"Other",94,"Assist",0,4610
88,"M","PhD",57,"Other",61,"Full",0,7494
89,"M","PhD",58,"Other",69,"Full",0,8283
90,"M","PhD",70,"Other",88,"Full",1,7239
91,"M","PhD",61,"Other",69,"Full",0,4881
92,"M","PhD",68,"Other",71,"Full",0,8867
93,"F","PhD",65,"Other",65,"Full",0,7712
94,"M","PhD",64,"Prof",58,"Full",0,6223
95,"M","PhD",72,"Other",86,"Full",0,8283
96,"F","PhD",80,"Other",81,"Assoc",0,4544
97,"M","PhD",75,"Other",85,"Full",0,9694
98,"M","PhD",81,"Other",84,"Assoc",1,6223
99,"M","PhD",90,"Arts",90,"Assist",0,3939
100,"M","PhD",74,"Arts",75,"Full",1,5794
101,"F","PhD",74,"Other",81,"Assoc",0,5088
102,"M","PhD",73,"Other",72,"Full",0,9025
103,"M","PhD",66,"Prof",68,"Full",0,8076
104,"M","PhD",67,"Other",69,"Full",1,9143
105,"M","PhD",63,"Prof",79,"Full",0,5624
106,"M","PhD",60,"Other",66,"Full",0,10263
107,"M","PhD",79,"Other",81,"Full",0,9154
108,"M","PhD",83,"Other",83,"Assoc",0,6590
109,"M","PhD",86,"Other",91,"Assoc",0,3769
110,"M","PhD",68,"Other",72,"Full",0,9286
111,"M","PhD",81,"Arts",84,"Full",0,4812
112,"F","PhD",65,"Other",76,"Full",0,5168
113,"M","PhD",70,"Other",69,"Assoc",0,4416
114,"M","PhD",81,"Other",83,"Full",0,7602
115,"M","PhD",90,"Other",93,"Assist",0,4538
116,"F","PhD",74,"Prof",76,"Assoc",0,6135
117,"M","PhD",70,"Other",75,"Full",0,4743
118,"M","PhD",81,"Arts",83,"Assoc",1,5095
119,"M","PhD",66,"Other",70,"Full",0,7494
120,"F","PhD",71,"Arts",88,"Full",0,6977
121,"M","PhD",80,"Other",87,"Full",0,4881
122,"M","PhD",80,"Other",83,"Full",0,6127
123,"M","PhD",70,"Other",93,"Full",1,8402
124,"M","PhD",91,"Prof",92,"Assist",0,7283
125,"M","PhD",61,"Arts",61,"Assoc",0,3939
126,"M","PhD",68,"Other",71,"Full",1,7823
127,"M","PhD",72,"Prof",72,"Full",0,8896
128,"M","PhD",75,"Other",78,"Full",0,4812
129,"M","PhD",88,"Arts",91,"Assist",0,3774
130,"M","PhD",77,"Prof",85,"Full",1,8049
131,"M","PhD",78,"Other",84,"Full",1,9693
132,"F","PhD",83,"Prof",87,"Assoc",1,6135
133,"M","PhD",82,"Other",84,"Full",0,6496
134,"M","PhD",69,"Prof",75,"Full",0,7388
135,"M","PhD",81,"Other",90,"Assoc",0,6048
136,"F","PhD",73,"Arts",77,"Full",0,5242
137,"M","PhD",80,"Other",88,"Full",0,5962
138,"M","PhD",90,"Other",89,"Assoc",0,5293
140,"F","PhD",76,"Other",85,"Assoc",0,4416
141,"M","PhD",67,"Prof",92,"Full",0,7813
142,"M","PhD",73,"Arts",77,"Full",0,5022
143,"M","PhD",85,"Other",85,"Assoc",0,4610
144,"F","PhD",80,"Other",86,"Assoc",0,4165
145,"M","PhD",84,"Other",91,"Assoc",0,5631
146,"F","PhD",67,"Other",57,"Full",0,5551
147,"F","PhD",69,"Other",68,"Full",1,6828
148,"F","PhD",82,"Arts",83,"Full",0,6684
149,"F","PhD",81,"Other",87,"Assoc",0,5544
150,"M","PhD",81,"Arts",87,"Full",0,7823
152,"M","PhD",88,"Prof",88,"Assoc",0,8049
153,"F","PhD",86,"Other",89,"Assist",0,4053
154,"M","PhD",91,"Other",91,"Assist",0,4353
155,"M","PhD",77,"Other",90,"Full",0,5712
156,"F","PhD",74,"Other",76,"Full",0,5962
157,"M","PhD",87,"Other",92,"Assist",0,3663
158,"M","PhD",87,"Prof",89,"Assoc",0,6223
159,"M","PhD",70,"Other",67,"Full",0,7180
160,"M","PhD",72,"Other",95,"Full",0,11672
161,"M","PhD",72,"Prof",70,"Assoc",0,6135
162,"M","PhD",77,"Other",81,"Full",0,6313
163,"M","PhD",80,"Arts",83,"Full",0,6977
164,"M","PhD",74,"Arts",70,"Full",1,6590
165,"M","PhD",69,"Other",70,"Full",0,5318
166,"M","PhD",61,"Other",61,"Full",0,7388
167,"M","PhD",86,"Other",84,"Assoc",0,8691
168,"M","PhD",60,"Other",60,"Full",0,5962
170,"M","PhD",73,"Arts",76,"Assoc",0,4292
171,"M","PhD",81,"Other",92,"Assoc",0,5162
172,"M","PhD",73,"Other",74,"Full",0,6496
173,"F","PhD",82,"Arts",82,"Full",0,4812
174,"M","PhD",73,"Other",67,"Full",0,7935
177,"M","PhD",82,"Other",87,"Assoc",0,5712
179,"M","PhD",85,"Prof",85,"Full",0,6781
180,"M","PhD",67,"Other",67,"Full",1,7712
181,"M","PhD",70,"Prof",73,"Full",0,7602
183,"M","PhD",78,"Prof",78,"Assoc",0,7388
184,"M","PhD",90,"Prof",93,"Assist",0,6048
185,"M","PhD",72,"Prof",81,"Full",0,7078
186,"M","PhD",57,"Arts",62,"Full",0,7494
187,"M","PhD",85,"Other",88,"Full",0,6772
188,"F","PhD",73,"Other",83,"Assoc",0,4743
189,"M","PhD",72,"Other",75,"Full",0,6313
190,"M","PhD",86,"Other",92,"Assist",0,4676
191,"M","PhD",71,"Other",72,"Full",0,5705
192,"M","PhD",89,"Other",93,"Assist",0,3715
194,"M","PhD",72,"Arts",76,"Full",0,6223
195,"M","PhD",91,"Other",94,"Assist",0,4171
196,"F","PhD",89,"Other",91,"Assist",0,4231
197,"M","PhD",86,"Prof",87,"Assoc",0,6590
198,"M","PhD",83,"Prof",83,"Assoc",0,5878
199,"M","PhD",92,"Other",95,"Assist",0,4348
200,"M","PhD",67,"Other",86,"Full",1,10342
201,"M","PhD",69,"Arts",69,"Full",1,6781
202,"M","PhD",75,"Prof",91,"Assoc",0,8230
203,"M","PhD",75,"Other",84,"Full",0,9687
205,"M","PhD",92,"Other",92,"Assist",0,8392
206,"M","PhD",78,"Other",81,"Full",0,5472
207,"M","PhD",71,"Prof",84,"Full",0,8646
208,"M","PhD",63,"Other",78,"Full",0,10668
209,"M","PhD",57,"Other",61,"Full",0,6135
210,"M","PhD",62,"Other",63,"Full",0,6048
211,"M","PhD",65,"Prof",75,"Full",0,6223
212,"F","PhD",92,"Other",92,"Assist",0,4171
213,"F","PhD",73,"Other",91,"Assoc",0,4225
214,"M","PhD",71,"Arts",71,"Full",0,7180
215,"F","PhD",94,"Arts",94,"Assist",0,3939
216,"M","PhD",65,"Other",92,"Full",0,12344
217,"M","PhD",69,"Prof",86,"Full",0,12901
218,"M","PhD",85,"Other",91,"Assist",0,3509
219,"M","PhD",64,"Other",64,"Assoc",0,4951
220,"F","PhD",73,"Other",73,"Full",0,4875
221,"M","PhD",85,"Other",89,"Assoc",0,4610
222,"F","PhD",92,"Other",94,"Assist",0,3823.333
225,"M","PhD",74,"Other",79,"Full",0,5962
227,"M","PhD",86,"Prof",92,"Assoc",0,6404
228,"M","PhD",72,"Other",75,"Full",0,6781
232,"M","PhD",59,"Other",60,"Full",0,9421
233,"M","PhD",71,"Prof",76,"Full",0,5794
234,"M","PhD",63,"Other",86,"Full",0,9556
236,"F","PhD",72,"Other",74,"Full",0,6977
237,"M","PhD",95,"Other",95,"Assist",0,4225
238,"M","PhD",63,"Arts",62,"Full",0,6135
239,"M","PhD",70,"Other",78,"Full",0,6382
241,"F","PhD",78,"Other",88,"Assoc",0,5242
242,"F","PhD",93,"Prof",93,"Assist",0,4588
243,"M","PhD",78,"Prof",78,"Full",0,7494
244,"M","PhD",64,"Other",67,"Full",0,7180
245,"M","PhD",71,"Prof",87,"Full",1,13258
246,"M","PhD",73,"Other",75,"Full",0,8402
247,"M","PhD",75,"Arts",81,"Full",0,6048
248,"M","PhD",91,"Prof",91,"Assist",0,6223
249,"M","PhD",74,"Other",87,"Assoc",0,5472
250,"F","PhD",70,"Arts",73,"Full",0,6684
252,"M","PhD",84,"Prof",84,"Full",0,8770
253,"F","PhD",82,"Other",92,"Assoc",0,4812
254,"M","PhD",55,"Other",56,"Full",0,11507
255,"M","PhD",67,"Arts",67,"Assist",0,4292
256,"M","PhD",67,"Other",70,"Full",0,4676
257,"F","PhD",93,"Other",93,"Assist",0,5242
258,"F","PhD",88,"Other",95,"Assist",0,5168
259,"F","PhD",85,"Other",91,"Assoc",0,6048
260,"F","PhD",89,"Other",91,"Assist",0,4112
261,"F","PhD",70,"Other",72,"Full",0,6870
262,"M","PhD",63,"Other",74,"Full",0,6123
264,"M","PhD",58,"Prof",53,"Full",0,11343
265,"M","PhD",75,"Other",85,"Full",0,7602
266,"M","PhD",77,"Arts",78,"Assoc",0,4353
267,"M","PhD",90,"Other",91,"Assist",0,3769
269,"M","PhD",76,"Other",80,"Full",0,6496
270,"M","PhD",76,"Prof",83,"Assoc",0,5794
271,"M","PhD",75,"Other",80,"Full",0,5712
272,"M","PhD",94,"Prof",95,"Assist",0,4445
273,"M","PhD",78,"Arts",80,"Assoc",0,8283
275,"F","PhD",90,"Prof",90,"Assoc",0,6048
276,"M","PhD",71,"Other",86,"Full",0,10118
278,"F","PhD",82,"Other",81,"Assoc",0,4292
279,"M","PhD",88,"Prof",92,"Assist",0,4225
280,"M","PhD",58,"Other",66,"Full",0,7823
281,"M","PhD",57,"Other",66,"Full",0,9154
282,"M","PhD",75,"Other",77,"Assoc",0,4231
283,"F","PhD",82,"Other",86,"Assoc",0,4286
284,"F","PhD",87,"Other",88,"Assoc",1,4544
286,"M","PhD",86,"Prof",88,"Assoc",0,4676
287,"F","PhD",59,"Prof",59,"Full",0,6404
288,"M","PhD",70,"Prof",91,"Full",0,9681
289,"M","PhD",85,"Other",85,"Assoc",0,7008
290,"F","PhD",82,"Other",91,"Assoc",0,4165
291,"M","PhD",78,"Prof",81,"Full",0,8646
292,"M","PhD",88,"Other",91,"Assist",0,4106
293,"M","PhD",84,"Other",84,"Assoc",0,4881
294,"F","PhD",68,"Arts",72,"Assoc",0,5394
295,"M","PhD",72,"Prof",72,"Full",0,8049
296,"M","PhD",72,"Other",80,"Full",0,9693
297,"F","PhD",85,"Other",85,"Assoc",0,4286
298,"M","PhD",76,"Prof",84,"Full",1,8283
299,"F","PhD",77,"Arts",76,"Full",1,6135
300,"M","PhD",64,"Prof",67,"Full",0,8896
301,"F","PhD",70,"Other",73,"Assoc",0,5022
302,"F","PhD",58,"Arts",68,"Full",0,5551
303,"M","PhD",77,"Other",84,"Assoc",0,5394
304,"M","PhD",69,"Arts",86,"Full",0,6496
305,"M","PhD",73,"Other",70,"Full",0,6977
306,"M","PhD",70,"Other",78,"Full",0,7494
307,"F","PhD",86,"Arts",88,"Assoc",0,4416
309,"F","PhD",73,"Other",75,"Full",0,6781
310,"F","PhD",82,"Other",85,"Assoc",0,4737
312,"F","PhD",81,"Other",86,"Full",0,5551
313,"F","PhD",88,"Other",95,"Assist",0,3823
314,"M","PhD",93,"Other",95,"Assist",0,3878
315,"F","PhD",81,"Arts",85,"Full",1,7379
316,"M","PhD",75,"Other",72,"Assoc",0,4951
317,"M","PhD",95,"Other",94,"Assist",0,4613
318,"M","PhD",80,"Other",80,"Assoc",0,5962
319,"M","PhD",85,"Other",88,"Assoc",0,4875
320,"M","PhD",67,"Other",69,"Full",0,6977
321,"M","PhD",89,"Other",89,"Assoc",0,4053
322,"F","PhD",88,"Other",93,"Assist",0,5048
323,"M","PhD",89,"Other",94,"Assist",0,3509
324,"M","PhD",64,"Arts",67,"Full",1,8392
325,"M","PhD",71,"Other",75,"Full",0,7180
327,"M","PhD",65,"Other",67,"Full",0,5318
328,"M","PhD",73,"Arts",73,"Full",0,5631
329,"M","PhD",63,"Other",69,"Full",0,6135
330,"M","PhD",89,"Prof",89,"Assist",0,5394
331,"M","PhD",68,"Other",68,"Full",0,6684
332,"M","PhD",75,"Prof",83,"Assoc",0,5794
333,"F","PhD",89,"Other",92,"Assist",0,3996
334,"F","PhD",92,"Other",92,"Assist",0,8432
336,"M","PhD",78,"Other",81,"Assoc",0,5955
337,"M","PhD",85,"Other",88,"Assoc",0,4544
338,"M","PhD",65,"Other",64,"Full",0,9025
339,"M","PhD",71,"Other",79,"Full",0,6772
340,"M","PhD",68,"Prof",76,"Full",0,5472
341,"M","PhD",77,"Prof",77,"Full",0,8896
342,"M","PhD",53,"Other",91,"Assist",0,3459
344,"M","PhD",71,"Other",73,"Full",0,5870
346,"M","PhD",83,"Prof",91,"Assist",0,3362
347,"M","PhD",86,"Other",93,"Assist",0,3769
348,"M","PhD",61,"Prof",67,"Full",1,10411
349,"F","PhD",59,"Other",71,"Full",0,7602
350,"M","PhD",69,"Prof",76,"Full",0,8402
351,"M","PhD",74,"Other",71,"Full",0,7796
353,"F","PhD",83,"Prof",84,"Assoc",0,5242
354,"M","PhD",68,"Other",88,"Full",0,9154
355,"M","PhD",88,"Prof",88,"Assist",0,5705
356,"M","PhD",72,"Other",72,"Full",0,6590
357,"F","PhD",93,"Other",92,"Assist",0,6786
358,"M","PhD",73,"Other",73,"Assoc",0,4951
359,"M","PhD",83,"Arts",84,"Assoc",0,4676
360,"M","PhD",83,"Prof",87,"Full",0,7180
361,"M","PhD",72,"Other",74,"Full",0,5794
362,"M","PhD",78,"Prof",85,"Assoc",0,6684
363,"F","PhD",74,"Other",76,"Assoc",0,5095
364,"M","PhD",71,"Other",71,"Full",0,5631
365,"M","PhD",67,"Other",73,"Full",0,8049
366,"F","PhD",91,"Other",91,"Assist",0,7391
367,"M","PhD",94,"Other",95,"Assist",0,4480
368,"M","PhD",79,"Other",79,"Full",0,6048
369,"M","PhD",90,"Prof",91,"Assist",0,5631
370,"F","PhD",93,"Arts",93,"Assist",0,3667
371,"F","PhD",85,"Other",87,"Assoc",0,9558
372,"M","PhD",58,"Other",80,"Full",0,11343
373,"M","PhD",90,"Other",91,"Assist",0,4353
375,"M","PhD",86,"Other",91,"Assist",0,3611
376,"F","PhD",92,"Other",91,"Assist",0,4416
379,"M","PhD",64,"Other",68,"Assoc",0,3996
380,"F","PhD",74,"Other",80,"Full",0,5388
381,"F","PhD",82,"Other",82,"Assoc",0,5474
382,"F","PhD",92,"Other",92,"Assist",0,3769
383,"M","PhD",81,"Other",89,"Assoc",0,4416
384,"M","PhD",79,"Arts",85,"Assoc",0,4480
385,"F","PhD",94,"Other",94,"Assist",0,4480
386,"M","PhD",93,"Other",93,"Assist",0,4165
387,"F","PhD",76,"Other",79,"Full",0,5465
388,"M","PhD",83,"Other",87,"Assoc",0,4474
389,"M","PhD",87,"Other",94,"Assist",0,5016
390,"M","PhD",76,"Prof",83,"Full",0,7388
391,"F","PhD",80,"Arts",85,"Assoc",1,4676
392,"F","PhD",77,"Other",78,"Assoc",0,5388
393,"M","PhD",88,"Prof",90,"Assist",0,5712
394,"M","PhD",68,"Other",80,"Full",0,10118
395,"M","PhD",86,"Other",86,"Assoc",0,8878
396,"M","PhD",71,"Arts",72,"Full",0,5242
397,"F","PhD",74,"Other",74,"Full",0,6781
398,"M","PhD",81,"Other",87,"Full",0,5794
399,"M","PhD",85,"Other",87,"Assoc",0,4165
403,"M","PhD",83,"Other",88,"Assoc",0,5318
404,"M","PhD",70,"Other",66,"Full",0,6817
405,"M","PhD",74,"Prof",75,"Full",0,7935
406,"F","PhD",92,"Other",93,"Assist",0,4225
407,"M","PhD",79,"Other",86,"Full",0,6977
408,"M","PhD",79,"Arts",88,"Assoc",0,4881
409,"M","PhD",91,"Other",91,"Assist",0,5394
410,"M","PhD",67,"Other",72,"Full",0,10411
411,"M","PhD",73,"Other",76,"Full",1,8770
412,"M","PhD",88,"Other",94,"Assoc",0,7712
415,"M","PhD",77,"Other",79,"Assoc",0,4743
416,"M","PhD",95,"Arts",95,"Assist",0,3996
417,"M","PhD",70,"Other",79,"Full",0,5962
418,"M","PhD",82,"Other",91,"Full",0,5705
419,"M","PhD",78,"Prof",78,"Full",0,6977
420,"M","PhD",84,"Other",90,"Assoc",0,5162
422,"F","PhD",76,"Other",76,"Full",1,6465
423,"M","PhD",90,"Other",91,"Assist",0,5236
424,"M","PhD",92,"Other",91,"Assist",0,7286
425,"M","PhD",79,"Other",87,"Full",0,5794
426,"M","PhD",74,"Other",87,"Full",0,4737
427,"M","PhD",92,"Prof",91,"Assist",0,6135
428,"M","PhD",67,"Other",67,"Full",0,10000
429,"M","PhD",60,"Arts",60,"Assoc",0,4610
430,"M","PhD",69,"Prof",75,"Full",0,8463
431,"F","PhD",88,"Other",93,"Assist",0,3042
432,"F","PhD",83,"Other",85,"Assoc",0,6781
433,"F","PhD",80,"Other",86,"Assoc",0,5242
434,"M","PhD",82,"Other",94,"Full",0,7712
435,"M","PhD",81,"Prof",90,"Full",1,10867
436,"M","PhD",87,"Other",87,"Assoc",0,4670
437,"F","PhD",92,"Other",92,"Assist",0,7966
438,"M","PhD",77,"Prof",76,"Full",0,7388
439,"M","PhD",94,"Prof",95,"Assist",0,5472
440,"M","PhD",50,"Other",55,"Full",0,12901
442,"M","PhD",85,"Other",94,"Assist",0,3934
443,"M","PhD",66,"Other",69,"Full",0,6590
444,"F","PhD",85,"Other",90,"Assist",0,4544
446,"M","PhD",75,"Other",75,"Full",0,6348
447,"M","PhD",84,"Prof",90,"Assist",0,6048
449,"F","PhD",87,"Arts",90,"Assist",0,3883
450,"M","PhD",64,"Arts",67,"Full",0,5631
451,"M","PhD",63,"Other",63,"Full",0,9025
452,"F","PhD",72,"Other",91,"Full",0,9556
453,"F","PhD",80,"Prof",83,"Full",1,7712
454,"M","PhD",61,"Other",64,"Full",0,10411
455,"M","PhD",87,"Other",88,"Assoc",0,4610
456,"F","PhD",84,"Other",86,"Assoc",0,7180
457,"M","PhD",60,"Other",60,"Full",0,8523
458,"M","PhD",81,"Prof",92,"Assoc",0,6684
459,"M","PhD",78,"Other",79,"Assoc",0,9723
461,"M","PhD",77,"Other",82,"Full",0,6048
462,"M","PhD",83,"Other",82,"Full",1,7494
463,"M","PhD",72,"Other",72,"Full",1,9767
464,"F","PhD",90,"Other",90,"Assist",0,4165
465,"F","PhD",91,"Other",91,"Assist",0,8676
466,"M","PhD",66,"Other",79,"Full",0,7712
467,"M","PhD",69,"Other",72,"Full",0,6127
468,"M","PhD",67,"Other",66,"Full",0,5016
469,"F","PhD",83,"Other",86,"Assoc",1,5242
470,"F","PhD",74,"Other",74,"Assoc",1,4676
471,"M","PhD",80,"Other",91,"Assoc",0,5242
472,"F","PhD",71,"Other",79,"Assoc",0,4286
473,"M","PhD",82,"Other",82,"Full",0,8049
474,"F","PhD",85,"Arts",85,"Assoc",0,4480
475,"M","PhD",67,"Other",72,"Full",0,6048
476,"M","PhD",87,"Prof",92,"Assoc",0,6223
477,"M","PhD",72,"Other",87,"Full",1,10561
478,"M","PhD",75,"Prof",95,"Full",0,10713
479,"F","PhD",81,"Other",83,"Assoc",0,4670
480,"M","PhD",70,"Other",66,"Full",0,8586
481,"M","PhD",91,"Prof",94,"Assist",0,6135
482,"M","PhD",71,"Prof",79,"Full",0,9556
483,"F","PhD",85,"Other",90,"Assist",0,5095
484,"M","PhD",80,"Other",84,"Full",0,10293
485,"F","PhD",94,"Other",94,"Assist",0,4416
486,"M","PhD",80,"Other",85,"Assoc",0,5168
487,"M","PhD",85,"Other",85,"Assoc",1,5395
488,"F","PhD",85,"Other",86,"Assoc",0,5095
489,"M","PhD",94,"Arts",94,"Assist",0,3939
490,"M","PhD",61,"Prof",61,"Full",0,8896
491,"M","PhD",72,"Other",95,"Full",1,13000
492,"M","PhD",77,"Prof",77,"Full",0,8049
494,"M","PhD",67,"Prof",78,"Full",0,5311
495,"M","PhD",60,"Other",67,"Full",0,8896
496,"M","PhD",77,"Prof",78,"Full",0,8049
497,"M","PhD",66,"Arts",66,"Assist",0,4544
498,"M","PhD",75,"Prof",76,"Full",0,7388
499,"M","PhD",64,"Other",70,"Full",0,6313.184
500,"M","PhD",69,"Other",68,"Full",0,5168
501,"M","PhD",82,"Other",83,"Full",0,10862
502,"M","PhD",69,"Other",74,"Full",0,7935
503,"F","PhD",68,"Other",72,"Full",0,6772
504,"F","PhD",81,"Arts",89,"Full",0,5878
505,"F","PhD",89,"Prof",89,"Assoc",0,6496
506,"M","PhD",68,"Other",81,"Full",0,6581
507,"M","PhD",83,"Other",91,"Assoc",0,4875
509,"M","PhD",70,"Other",87,"Full",0,7283
510,"M","PhD",70,"Other",73,"Full",0,7283
511,"F","PhD",75,"Arts",78,"Assoc",0,3939
512,"M","PhD",81,"Arts",91,"Full",1,6878
513,"M","PhD",83,"Other",89,"Full",0,5794
514,"F","PhD",74,"Other",79,"Full",1,10400
516,"M","PhD",92,"Other",91,"Assist",0,7209
517,"F","PhD",66,"Arts",80,"Full",0,5394
518,"M","PhD",78,"Prof",78,"Full",0,8049
520,"M","PhD",75,"Other",83,"Assoc",0,4292
522,"M","PhD",63,"Other",69,"Full",0,6878
523,"M","PhD",74,"Prof",76,"Full",0,7388
524,"M","PhD",63,"Prof",83,"Full",0,11343
525,"F","PhD",77,"Other",80,"Assoc",0,5168
526,"M","PhD",85,"Other",86,"Assoc",0,5472
527,"M","PhD",55,"Other",57,"Full",0,7602
528,"M","PhD",65,"Arts",65,"Full",0,6684
529,"F","PhD",89,"Arts",90,"Assist",0,4292
530,"M","PhD",73,"Prof",78,"Full",0,6590
531,"M","PhD",80,"Prof",83,"Assoc",0,5095
532,"M","PhD",65,"Other",65,"Full",0,5955
533,"M","PhD",73,"Other",82,"Full",0,5394
534,"F","PhD",89,"Other",93,"Assist",0,4231
535,"M","PhD",61,"Prof",77,"Full",0,10867
536,"F","PhD",83,"Arts",85,"Assoc",0,4544
537,"M","PhD",81,"Other",83,"Full",0,5962
538,"M","PhD",91,"Other",91,"Assist",0,7321
539,"M","PhD",57,"Other",64,"Full",0,9420
540,"M","PhD",66,"Other",69,"Full",0,5870
541,"M","PhD",69,"Other",69,"Full",0,6496
542,"M","PhD",68,"Other",78,"Full",0,9449
543,"M","PhD",54,"Prof",61,"Full",0,9420
544,"M","PhD",68,"Other",72,"Full",0,9286
545,"M","PhD",72,"Other",85,"Full",0,6977
547,"M","PhD",84,"Prof",84,"Full",0,6878
548,"M","PhD",72,"Other",72,"Full",0,6223
550,"M","PhD",82,"Other",82,"Full",1,8258
551,"M","PhD",77,"Other",78,"Full",1,10758
552,"F","PhD",92,"Other",94,"Assist",0,3559
553,"M","PhD",72,"Prof",79,"Assoc",0,7388
554,"F","PhD",81,"Other",84,"Full",0,8770
555,"M","PhD",69,"Other",68,"Full",0,6048
556,"M","PhD",63,"Other",66,"Assoc",0,4982
557,"F","PhD",87,"Other",89,"Assoc",0,4225
558,"M","PhD",77,"Other",89,"Full",0,7283
560,"F","PhD",81,"Other",90,"Assoc",0,4604
561,"M","PhD",74,"Prof",74,"Full",1,11507
562,"M","PhD",75,"Other",91,"Full",0,10561
563,"F","PhD",72,"Prof",88,"Full",1,9946
564,"M","PhD",69,"Other",92,"Assoc",0,7494
565,"M","PhD",77,"Prof",93,"Full",0,5088
566,"M","PhD",72,"Prof",78,"Full",0,7379
567,"F","PhD",93,"Arts",95,"Assist",0,4231
569,"F","PhD",93,"Other",95,"Assist",0,4286
570,"M","PhD",65,"Other",76,"Full",0,7388
571,"F","PhD",69,"Other",69,"Full",0,5705
572,"M","PhD",60,"Other",66,"Full",1,8180
573,"M","PhD",65,"Prof",66,"Full",0,9154
574,"F","PhD",74,"Other",74,"Full",0,7078
575,"F","PhD",78,"Other",85,"Assoc",0,4743
576,"M","PhD",66,"Other",68,"Full",1,6590
577,"F","PhD",79,"Other",89,"Assoc",0,4737
578,"M","PhD",76,"Other",83,"Assoc",1,5472
579,"M","PhD",87,"Other",90,"Assoc",0,4951
580,"M","PhD",77,"Prof",86,"Full",0,8646
581,"M","PhD",79,"Other",83,"Full",0,5712
582,"M","PhD",74,"Other",81,"Full",0,11702
583,"M","PhD",86,"Prof",86,"Assoc",0,6781
584,"F","PhD",90,"Other",92,"Assist",0,3769
585,"M","PhD",69,"Other",73,"Full",0,11184
586,"F","PhD",91,"Other",94,"Assist",0,4544
587,"M","PhD",80,"Other",82,"Assoc",0,7379
588,"F","PhD",91,"Arts",93,"Assist",0,3828
589,"F","PhD",90,"Other",91,"Assist",0,3459
590,"M","PhD",71,"Other",76,"Full",1,10105
591,"M","PhD",83,"Other",87,"Assoc",0,8895
592,"F","PhD",94,"Other",94,"Assist",0,4544
593,"M","PhD",84,"Prof",86,"Assoc",0,6590
594,"M","PhD",70,"Other",76,"Full",0,5168
595,"M","PhD",68,"Other",70,"Full",0,6135
596,"M","PhD",85,"Other",91,"Assist",0,4676
597,"F","PhD",86,"Other",86,"Assoc",0,4106
598,"M","PhD",71,"Other",74,"Assoc",0,5095
599,"M","PhD",94,"Other",93,"Assist",0,7919
600,"M","PhD",77,"Other",77,"Full",0,5394
601,"F","PhD",86,"Other",86,"Assoc",0,7919
602,"M","PhD",88,"Prof",90,"Assist",0,5794
603,"M","PhD",94,"Other",94,"Assist",0,4676
604,"M","PhD",61,"Other",61,"Full",0,9025
605,"F","PhD",74,"Prof",86,"Full",0,8523
606,"M","PhD",82,"Prof",92,"Assist",0,6404
607,"M","PhD",70,"Other",72,"Full",0,7714
608,"M","PhD",85,"Prof",85,"Assoc",0,5794
609,"F","PhD",73,"Prof",78,"Assoc",0,5631
610,"M","PhD",74,"Other",88,"Full",0,5544
611,"M","PhD",83,"Other",85,"Assoc",0,5095
612,"M","PhD",70,"Prof",83,"Full",0,7712
613,"M","PhD",61,"Prof",68,"Full",0,6223
614,"M","PhD",84,"Arts",84,"Assoc",0,4480
615,"F","PhD",91,"Other",95,"Assist",0,3459
616,"M","PhD",68,"Arts",73,"Full",0,6684
617,"F","PhD",84,"Other",84,"Assoc",0,4411
618,"F","PhD",61,"Other",73,"Full",0,7823
619,"F","PhD",70,"Prof",73,"Full",1,9556
620,"M","PhD",89,"Other",94,"Assist",0,3130.588
621,"M","PhD",66,"Other",71,"Full",0,7611
622,"M","PhD",51,"Other",91,"Full",0,10867
623,"M","PhD",73,"Arts",72,"Full",0,5095
624,"M","PhD",70,"Other",78,"Full",1,7935
625,"F","PhD",88,"Other",91,"Assist",0,3256
626,"M","PhD",74,"Other",85,"Full",0,6313
627,"M","PhD",91,"Prof",95,"Assist",0,4171
628,"M","PhD",85,"Prof",89,"Assoc",0,6496
629,"F","PhD",90,"Other",92,"Assist",0,3934
630,"M","PhD",84,"Prof",90,"Assoc",0,5168
631,"M","PhD",63,"Other",68,"Full",0,5551
632,"M","PhD",74,"Prof",89,"Full",0,8523
633,"M","PhD",63,"Other",75,"Full",0,6135
634,"M","PhD",69,"Other",70,"Assoc",0,4231
635,"M","PhD",67,"Other",79,"Full",0,9692.515
636,"M","PhD",75,"Prof",79,"Full",0,6488
637,"M","PhD",82,"Other",87,"Assoc",0,4348
638,"M","PhD",67,"Other",67,"Full",0,8896
639,"M","PhD",75,"Other",75,"Full",0,5394
640,"M","PhD",71,"Other",71,"Full",0,7283
642,"M","PhD",91,"Prof",95,"Assist",0,3459
643,"M","PhD",89,"Other",90,"Assoc",0,5705
644,"M","PhD",67,"Other",66,"Full",1,9378
645,"M","PhD",65,"Other",72,"Full",0,7379
646,"F","PhD",91,"Other",91,"Assist",0,4225
647,"M","PhD",71,"Other",94,"Full",0,9154
648,"F","PhD",91,"Other",91,"Assist",0,4165
649,"M","PhD",82,"Other",84,"Full",0,5712
650,"M","PhD",85,"Other",89,"Assoc",0,3878
651,"M","PhD",82,"Other",85,"Assoc",0,4610
653,"M","PhD",77,"Other",78,"Full",0,8671
654,"F","PhD",90,"Other",92,"Assist",0,5016
655,"F","PhD",81,"Other",83,"Full",1,6655
657,"M","PhD",90,"Arts",88,"Assoc",0,4053
658,"F","PhD",89,"Other",90,"Assist",0,4544
659,"M","PhD",66,"Other",66,"Full",0,7823
660,"F","PhD",75,"Other",83,"Full",0,5551
661,"F","PhD",84,"Other",84,"Assoc",0,4474
663,"M","PhD",67,"Other",74,"Full",1,9408
664,"M","PhD",69,"Arts",69,"Full",0,5631
665,"M","PhD",67,"Other",67,"Full",0,7008
666,"F","PhD",80,"Other",80,"Full",0,4737
667,"M","PhD",92,"Other",92,"Assist",0,4048
668,"M","PhD",63,"Other",85,"Full",0,8283
669,"M","PhD",71,"Other",75,"Full",1,8770
670,"M","PhD",85,"Arts",92,"Assoc",0,4881
671,"M","PhD",55,"Other",65,"Full",0,8165
672,"M","PhD",64,"Other",68,"Assoc",0,3939
673,"F","PhD",86,"Other",88,"Assoc",0,4610
674,"F","PhD",80,"Other",88,"Assoc",0,5248
675,"M","PhD",59,"Arts",61,"Full",0,5168
677,"M","PhD",82,"Other",85,"Full",0,7494
678,"F","PhD",71,"Other",77,"Full",0,6287
679,"M","PhD",84,"Prof",84,"Full",0,6878
682,"M","PhD",69,"Other",69,"Full",0,7823
683,"M","PhD",65,"Other",62,"Full",0,8454
684,"M","PhD",70,"Other",92,"Assoc",0,4165
685,"M","PhD",68,"Other",73,"Full",0,6223
686,"F","PhD",81,"Other",82,"Full",0,4945
687,"M","PhD",63,"Other",66,"Full",0,9556
688,"M","PhD",87,"Prof",92,"Assoc",0,7388
689,"M","PhD",85,"Prof",86,"Assoc",0,6404
690,"M","PhD",64,"Prof",67,"Full",0,6684
691,"M","PhD",89,"Arts",92,"Assist",0,4112
692,"M","PhD",69,"Other",75,"Full",0,11840
693,"M","PhD",85,"Prof",87,"Full",0,6496
694,"F","PhD",55,"Other",76,"Full",0,7602
695,"M","PhD",68,"Other",73,"Full",0,6135
696,"M","PhD",87,"Prof",93,"Assist",0,6135
697,"M","PhD",80,"Prof",80,"Full",0,8283
698,"F","PhD",93,"Other",93,"Assist",0,6257
701,"M","PhD",68,"Other",68,"Assoc",0,4053
702,"F","PhD",86,"Prof",87,"Assoc",0,5631
703,"F","PhD",78,"Other",79,"Full",0,5619
704,"F","PhD",78,"Other",78,"Full",0,8039
705,"M","PhD",70,"Prof",70,"Full",0,7712
706,"M","PhD",82,"Prof",82,"Full",0,9556
707,"M","PhD",83,"Other",87,"Full",0,6135
708,"F","PhD",86,"Other",94,"Assist",0,3823
709,"M","PhD",72,"Other",70,"Assoc",1,7443
711,"M","PhD",82,"Other",90,"Assoc",0,6780
712,"M","PhD",83,"Prof",83,"Full",0,7823
713,"M","PhD",77,"Other",79,"Full",0,8402
714,"F","PhD",85,"Other",88,"Assoc",0,4743
715,"F","PhD",93,"Other",93,"Assist",0,4292
716,"F","PhD",74,"Other",86,"Full",0,11036
717,"F","PhD",77,"Arts",80,"Full",1,5551
718,"M","PhD",90,"Prof",93,"Assist",0,5712
719,"M","PhD",57,"Other",63,"Full",0,8523
720,"M","PhD",66,"Arts",66,"Full",0,6590
721,"M","PhD",65,"Other",67,"Full",0,8049
722,"M","PhD",77,"Other",76,"Full",0,4812
723,"M","PhD",88,"Other",88,"Assoc",0,4292
724,"F","PhD",70,"Other",74,"Assoc",0,5318
725,"M","PhD",69,"Other",75,"Assoc",0,4812
726,"F","PhD",80,"Other",86,"Assoc",1,5095
727,"M","PhD",62,"Other",72,"Full",0,7688
728,"M","PhD",85,"Prof",85,"Assoc",0,6781
729,"M","PhD",69,"Other",70,"Full",0,6404
731,"M","PhD",78,"Other",79,"Assoc",0,5122
732,"M","PhD",68,"Other",66,"Full",0,7822
733,"M","PhD",60,"Other",68,"Full",0,8049
734,"M","PhD",72,"Other",85,"Full",0,5465
735,"F","PhD",93,"Arts",91,"Assist",0,4231
737,"F","PhD",83,"Other",94,"Assist",0,4165
738,"M","PhD",69,"Other",69,"Full",0,10713
739,"M","PhD",66,"Prof",65,"Full",0,10411
740,"M","PhD",72,"Other",89,"Full",0,8523
742,"M","PhD",71,"Other",75,"Full",1,8635
743,"M","PhD",85,"Other",88,"Assoc",0,4411
744,"M","PhD",76,"Other",79,"Full",0,5551
745,"M","PhD",83,"Other",91,"Full",0,9154
746,"M","PhD",62,"Prof",81,"Full",1,11857
747,"F","PhD",71,"Other",77,"Full",0,5794
749,"M","PhD",72,"Arts",76,"Assoc",0,3939
751,"M","PhD",65,"Prof",67,"Full",1,10867
752,"M","PhD",78,"Other",91,"Assoc",0,3878
753,"M","PhD",60,"Prof",70,"Full",0,9693
754,"M","PhD",79,"Other",89,"Full",0,6781
755,"M","PhD",86,"Other",91,"Assoc",0,5016
756,"M","PhD",65,"Arts",68,"Assoc",0,4743
757,"F","PhD",84,"Other",84,"Full",0,7283
758,"M","PhD",70,"Other",72,"Full",0,7180
759,"M","PhD",67,"Arts",67,"Full",1,7935
760,"M","PhD",81,"Other",84,"Full",0,5878
761,"F","PhD",81,"Prof",88,"Full",0,6590
763,"F","PhD",77,"Arts",77,"Full",0,6590
765,"F","PhD",88,"Other",88,"Assist",0,3934
766,"M","PhD",79,"Prof",79,"Full",0,7494
767,"M","PhD",61,"Other",64,"Full",0,7283
769,"M","PhD",76,"Other",77,"Full",0,4411
770,"M","PhD",67,"Other",69,"Full",0,6781
771,"M","PhD",73,"Other",74,"Full",1,11940
772,"M","PhD",83,"Prof",86,"Assoc",0,4737
773,"M","PhD",88,"Prof",90,"Assist",0,6313
776,"M","PhD",70,"Arts",74,"Full",0,5318
777,"M","PhD",83,"Other",88,"Full",0,9135
778,"F","PhD",94,"Arts",94,"Assist",0,4053
779,"M","PhD",78,"Prof",79,"Full",1,7823
780,"M","PhD",82,"Other",92,"Full",0,12000
781,"M","PhD",89,"Arts",89,"Assoc",0,4231
782,"M","PhD",74,"Other",78,"Full",0,6048
783,"M","PhD",80,"Other",80,"Full",0,6135
784,"F","PhD",83,"Other",83,"Full",0,4945
785,"F","PhD",83,"Prof",83,"Assoc",0,5878
786,"F","PhD",76,"Other",95,"Assist",0,4610
787,"M","PhD",82,"Other",90,"Assoc",0,5022
788,"M","PhD",68,"Prof",68,"Full",0,5394
789,"M","PhD",72,"Other",72,"Full",0,7935
790,"M","PhD",91,"Prof",92,"Assist",0,5794
792,"M","PhD",92,"Prof",95,"Assist",0,4048
794,"F","PhD",64,"Other",64,"Full",0,6313
795,"M","PhD",71,"Arts",76,"Assoc",0,4231
796,"M","PhD",85,"Other",86,"Assoc",0,4743
797,"F","PhD",82,"Other",91,"Assoc",0,6313
798,"F","PhD",75,"Other",76,"Assoc",0,5236
799,"M","PhD",71,"Other",71,"Assist",0,5193
800,"M","PhD",70,"Other",78,"Assoc",0,4171
801,"M","PhD",89,"Prof",91,"Assist",0,5878
802,"F","PhD",93,"Other",94,"Assist",0,4106
803,"M","PhD",90,"Other",95,"Assist",0,4225
804,"M","PhD",81,"Other",81,"Assoc",0,8526
805,"M","PhD",84,"Prof",84,"Assoc",0,6223
807,"M","PhD",71,"Prof",76,"Full",1,8920
808,"M","PhD",73,"Other",83,"Full",0,6624
809,"F","PhD",86,"Arts",90,"Assist",0,4231
810,"M","PhD",75,"Other",75,"Full",1,5794
811,"M","PhD",73,"Other",75,"Full",0,5551
812,"M","PhD",86,"Other",89,"Assoc",0,4610
813,"M","PhD",86,"Other",86,"Assoc",0,4881
815,"F","PhD",60,"Other",61,"Full",0,8523
816,"M","PhD",79,"Other",88,"Assoc",0,4670
817,"M","PhD",64,"Prof",64,"Full",0,11182
818,"M","PhD",70,"Prof",88,"Full",0,10118
819,"F","PhD",69,"Arts",80,"Assoc",0,4676
820,"M","PhD",71,"Other",71,"Full",0,12503
821,"M","PhD",76,"Other",84,"Full",1,9820
822,"M","PhD",66,"Other",91,"Full",1,7485
823,"F","PhD",71,"Other",70,"Full",1,6135
824,"M","PhD",67,"Other",68,"Full",0,7180
825,"M","PhD",73,"Other",76,"Full",0,5022
826,"M","PhD",69,"Prof",92,"Full",1,9286
827,"M","PhD",78,"Other",89,"Assoc",1,7494
828,"M","PhD",69,"Other",76,"Full",0,6313
829,"M","PhD",79,"Arts",81,"Assoc",0,4416
830,"F","PhD",73,"Other",76,"Full",1,10411
831,"M","PhD",73,"Arts",73,"Assoc",1,4935
832,"F","PhD",79,"Other",80,"Assoc",0,5705
833,"F","PhD",86,"Arts",90,"Assoc",0,3978
834,"M","PhD",48,"Other",77,"Full",0,10700
835,"M","PhD",71,"Prof",80,"Full",0,8635
836,"F","PhD",82,"Other",77,"Full",1,6305
837,"M","PhD",69,"Prof",69,"Full",1,9556
838,"M","PhD",73,"Prof",83,"Full",0,11672
839,"F","PhD",86,"Other",86,"Assoc",0,4474
840,"M","PhD",69,"Prof",71,"Full",0,6223
841,"M","PhD",73,"Prof",89,"Full",0,11672
842,"M","PhD",94,"Other",94,"Assist",0,5394
844,"M","PhD",67,"Arts",70,"Assoc",1,8381
845,"M","PhD",69,"Other",72,"Full",0,4670
846,"F","PhD",89,"Arts",90,"Assist",0,3828
847,"M","PhD",75,"Other",83,"Full",0,5955
848,"F","PhD",70,"Other",74,"Full",0,6127
849,"M","PhD",67,"Other",66,"Assoc",0,4743
850,"M","PhD",89,"Arts",93,"Assist",0,4112
851,"M","PhD",87,"Prof",88,"Assoc",0,4670
852,"M","PhD",74,"Arts",75,"Full",1,6878
853,"M","PhD",60,"Other",62,"Full",0,5631
854,"M","PhD",71,"Prof",83,"Full",0,9420
855,"F","PhD",69,"Arts",68,"Full",0,5551
856,"M","PhD",75,"Other",76,"Full",0,7712
858,"M","PhD",56,"Arts",62,"Full",0,7283
859,"M","PhD",68,"Other",68,"Full",0,5242
860,"F","PhD",74,"Other",77,"Full",0,6223
862,"M","PhD",76,"Prof",86,"Assoc",0,6684
863,"M","PhD",78,"Other",78,"Full",0,10316
864,"M","PhD",63,"Other",68,"Assoc",0,4982
865,"M","PhD",85,"Other",90,"Assist",0,4348
866,"F","PhD",73,"Arts",72,"Full",0,8283
867,"F","PhD",86,"Other",91,"Assist",0,4353
868,"M","PhD",63,"Other",72,"Full",0,9420
869,"M","PhD",61,"Other",61,"Full",0,8392
870,"M","PhD",67,"Other",79,"Full",0,8327
871,"M","PhD",71,"Other",71,"Full",0,6977
872,"M","PhD",59,"Other",65,"Full",0,6223
873,"M","PhD",60,"Prof",83,"Full",0,10713
874,"F","PhD",81,"Other",89,"Assoc",0,4945
875,"M","PhD",71,"Other",74,"Full",0,7823
876,"F","PhD",85,"Other",88,"Assoc",0,4348
877,"F","PhD",77,"Other",95,"Full",0,8896
878,"M","PhD",66,"Other",66,"Full",0,4951
879,"M","PhD",75,"Other",75,"Assoc",0,4292
880,"M","PhD",65,"Other",72,"Full",0,5787
881,"F","PhD",88,"Other",88,"Assoc",0,4353
882,"F","PhD",72,"Other",72,"Full",0,7813
883,"M","PhD",70,"Other",89,"Full",1,10172
884,"M","PhD",75,"Prof",79,"Assoc",0,6305
885,"M","PhD",61,"Other",67,"Full",0,6977
886,"M","PhD",75,"Other",94,"Full",0,9154
887,"F","PhD",73,"Other",73,"Full",0,8402
889,"M","PhD",78,"Prof",80,"Assoc",0,6878
890,"M","PhD",59,"Other",63,"Full",0,7925
892,"M","PhD",83,"Other",87,"Full",0,5318
893,"M","PhD",65,"Other",68,"Assoc",0,4610
894,"M","PhD",72,"Other",73,"Assoc",0,5242
895,"M","PhD",75,"Prof",78,"Full",0,5712
896,"M","PhD",76,"Arts",78,"Assoc",0,4053
897,"M","PhD",90,"Other",93,"Assist",0,3174.51
898,"M","PhD",78,"Other",79,"Full",0,6958
899,"F","PhD",92,"Other",93,"Assist",0,3991
900,"F","PhD",90,"Other",90,"Assist",0,4353
902,"F","PhD",74,"Other",74,"Assoc",0,4721
903,"F","PhD",92,"Prof",92,"Assist",0,5631
904,"M","PhD",64,"Other",68,"Full",0,5388
905,"M","PhD",67,"Other",65,"Full",0,9025
906,"M","PhD",65,"Other",65,"Full",1,8039
907,"M","PhD",71,"Other",94,"Assist",0,5022
908,"M","PhD",79,"Prof",80,"Full",0,7494
909,"M","PhD",88,"Other",95,"Assoc",0,5787
910,"M","PhD",82,"Other",86,"Assoc",0,7977
911,"F","PhD",90,"Other",90,"Assoc",0,4165
912,"M","PhD",91,"Other",95,"Assist",0,4053
913,"M","PhD",84,"Other",84,"Assoc",0,6048
914,"M","PhD",58,"Other",71,"Full",0,7388
915,"M","PhD",55,"Other",68,"Full",0,7823
916,"M","PhD",62,"Other",63,"Full",0,7850
917,"M","PhD",72,"Other",76,"Full",0,5423
918,"F","PhD",91,"Arts",91,"Assist",0,3774
919,"M","PhD",75,"Other",88,"Full",1,6305
920,"M","PhD",77,"Other",82,"Full",0,5168
921,"M","PhD",77,"Prof",77,"Full",0,9693
922,"F","PhD",86,"Other",88,"Assoc",0,4743
923,"M","PhD",85,"Other",92,"Assist",0,4676
924,"M","PhD",82,"Other",85,"Full",0,5538
925,"F","PhD",77,"Other",78,"Full",0,6870
926,"F","PhD",92,"Other",95,"Assist",0,3221.333
927,"M","PhD",79,"Prof",91,"Full",0,7078
928,"M","PhD",92,"Other",92,"Assist",0,5937
929,"M","PhD",67,"Other",70,"Full",1,7823
930,"M","PhD",65,"Prof",67,"Full",0,6496
931,"F","PhD",91,"Other",92,"Assist",0,5878
933,"F","PhD",88,"Other",90,"Assoc",0,3991
934,"F","PhD",68,"Other",68,"Full",0,6216
935,"M","PhD",70,"Arts",68,"Assoc",0,4951
937,"M","PhD",85,"Other",90,"Assist",0,3996
938,"F","PhD",90,"Other",90,"Assoc",0,4538
939,"M","PhD",68,"Arts",60,"Full",0,5394
940,"M","PhD",68,"Arts",67,"Assoc",0,5631
941,"M","PhD",69,"Arts",68,"Assoc",0,4292
942,"M","PhD",91,"Other",93,"Assist",0,3559
943,"M","PhD",91,"Other",95,"Assist",0,3715
944,"M","PhD",68,"Arts",69,"Full",0,6048
945,"M","PhD",74,"Arts",81,"Assoc",0,4676
946,"F","PhD",82,"Arts",87,"Assoc",0,4610
947,"F","PhD",81,"Other",84,"Assoc",0,5022
948,"M","PhD",91,"Other",95,"Assist",0,4165
949,"F","PhD",82,"Other",92,"Assist",0,4165
950,"M","PhD",78,"Other",86,"Assoc",0,4881
951,"M","PhD",93,"Other",93,"Assist",0,4106
952,"F","PhD",85,"Other",84,"Assoc",0,4538
953,"M","PhD",79,"Arts",79,"Assoc",0,4480
954,"F","PhD",61,"Other",69,"Full",0,6683.529
955,"M","PhD",72,"Prof",72,"Full",0,5388
956,"M","PhD",70,"Arts",76,"Assoc",0,5631
957,"M","PhD",71,"Other",73,"Full",0,5962
958,"M","PhD",80,"Other",80,"Full",0,5878
959,"M","PhD",73,"Prof",92,"Assist",0,4670
960,"F","PhD",74,"Other",86,"Full",0,8049
961,"M","PhD",72,"Prof",93,"Full",0,9680.672
962,"F","PhD",72,"Other",84,"Assoc",0,5552
963,"M","PhD",75,"Other",83,"Full",0,7494
964,"F","PhD",89,"Other",90,"Assist",0,4231
965,"F","PhD",93,"Other",94,"Assist",0,4348
966,"M","PhD",88,"Prof",91,"Assist",0,4610
967,"M","PhD",70,"Arts",67,"Full",0,6878
968,"M","PhD",62,"Prof",55,"Full",1,7823
969,"M","PhD",74,"Prof",81,"Full",0,7602
970,"F","PhD",75,"Other",91,"Assist",0,4286
971,"M","PhD",80,"Prof",92,"Assoc",0,6878
972,"M","PhD",76,"Other",76,"Full",0,9585
973,"M","PhD",76,"Other",77,"Full",0,6223
974,"F","PhD",75,"Prof",78,"Assoc",1,6684
975,"F","PhD",79,"Other",91,"Assist",0,3823
976,"M","PhD",84,"Other",87,"Assoc",0,4951
977,"M","PhD",73,"Other",86,"Full",0,7494
978,"M","PhD",80,"Other",90,"Assoc",1,6135
979,"M","PhD",82,"Prof",82,"Full",0,6878
980,"F","PhD",80,"Other",90,"Assoc",0,4165
982,"M","PhD",78,"Other",86,"Full",1,7126
983,"M","PhD",63,"Other",87,"Full",0,8049
985,"M","PhD",63,"Prof",65,"Full",1,6135
986,"M","PhD",88,"Other",91,"Assoc",0,4676
987,"F","PhD",78,"Other",88,"Full",0,6581
988,"M","PhD",64,"Arts",70,"Assoc",1,6404
989,"M","PhD",67,"Other",70,"Full",0,6048
990,"M","PhD",66,"Prof",65,"Full",1,10263
991,"M","PhD",67,"Other",78,"Full",0,8896
992,"M","PhD",73,"Other",89,"Full",0,8402
993,"M","PhD",77,"Other",83,"Full",0,11336
994,"F","PhD",74,"Other",76,"Full",0,5870
995,"M","PhD",72,"Other",75,"Full",0,5551
996,"F","PhD",82,"Other",91,"Assoc",0,4165
997,"M","PhD",79,"Other",89,"Full",1,7233
998,"M","PhD",79,"Other",82,"Assoc",0,5691
999,"M","PhD",70,"Other",69,"Full",0,7274
1000,"F","PhD",84,"Other",84,"Full",0,6347
1001,"M","PhD",86,"Prof",86,"Assoc",0,5712
1002,"M","PhD",79,"Other",91,"Assoc",0,4411
1003,"M","PhD",92,"Other",95,"Assist",0,4743
1004,"M","PhD",89,"Prof",93,"Assist",0,5318
1005,"M","PhD",59,"Other",59,"Full",0,8823
1006,"M","PhD",64,"Other",65,"Full",0,8283
1007,"F","PhD",72,"Arts",72,"Assoc",0,5168
1008,"M","PhD",79,"Prof",90,"Assist",0,4806
1009,"M","PhD",78,"Arts",80,"Full",0,6684
1010,"F","PhD",90,"Other",91,"Assist",0,4165
1011,"M","PhD",82,"Prof",82,"Assoc",0,6223
1012,"F","PhD",92,"Prof",90,"Assist",0,4951
1013,"M","PhD",80,"Other",87,"Full",0,7712
1014,"M","PhD",58,"Other",88,"Full",0,11024
1015,"M","PhD",89,"Other",91,"Assist",0,4348
1016,"F","PhD",78,"Other",89,"Full",0,5955
1017,"M","PhD",84,"Other",84,"Assoc",0,4951
1018,"M","PhD",68,"Prof",64,"Assoc",0,5318
1019,"M","PhD",79,"Other",80,"Full",0,5394
1020,"M","PhD",88,"Prof",89,"Assoc",0,4743
1021,"M","PhD",84,"Other",91,"Assoc",0,4875
1022,"F","PhD",95,"Other",95,"Assist",0,4353
1023,"M","PhD",77,"Prof",91,"Assoc",0,4165
1024,"M","PhD",77,"Other",95,"Assist",0,4225
1025,"M","PhD",63,"Other",63,"Full",0,8770
1026,"M","PhD",75,"Prof",79,"Full",0,7925
1027,"F","PhD",87,"Other",90,"Assoc",0,4474
1028,"M","PhD",82,"Other",87,"Full",0,4951
1029,"F","PhD",87,"Other",89,"Assoc",0,4528
1030,"M","PhD",69,"Arts",72,"Assoc",0,6048
1031,"F","PhD",88,"Arts",91,"Assist",0,4480
1032,"F","PhD",91,"Other",92,"Assist",0,3611
1033,"M","PhD",83,"Prof",83,"Assoc",0,6590
1034,"M","PhD",72,"Prof",78,"Assoc",0,4292
1035,"M","PhD",68,"Other",85,"Full",0,7602
1036,"M","PhD",59,"Other",62,"Full",0,8402
1037,"M","PhD",64,"Arts",50,"Assoc",0,5551
1038,"M","PhD",62,"Other",66,"Full",0,6048
1039,"F","PhD",81,"Other",85,"Full",0,5624
1040,"M","PhD",67,"Prof",67,"Full",0,6590
1041,"M","PhD",65,"Other",66,"Full",0,8049
1042,"M","PhD",67,"Other",60,"Full",1,8646
1043,"M","PhD",76,"Other",76,"Full",0,5962
1044,"M","PhD",83,"Other",91,"Assist",0,5143
1045,"M","PhD",70,"Other",71,"Full",0,6216
1046,"F","PhD",90,"Other",91,"Assoc",0,4538
1047,"F","PhD",91,"Other",93,"Assist",0,3611
1048,"M","PhD",79,"Other",90,"Full",0,7078
1049,"M","PhD",85,"Other",84,"Assoc",0,4171
1050,"M","PhD",81,"Other",90,"Assist",0,3508.889
1051,"F","PhD",88,"Prof",93,"Assist",0,5631
1053,"F","PhD",81,"Prof",95,"Assist",0,5016
1054,"F","PhD",66,"Other",91,"Assoc",0,3880
1055,"M","PhD",94,"Arts",94,"Assist",0,3939
1056,"M","PhD",85,"Prof",87,"Assoc",0,4604
1057,"M","PhD",87,"Other",94,"Assist",0,3715
1058,"M","PhD",62,"Other",62,"Full",0,5347
1059,"M","PhD",67,"Prof",67,"Full",0,9556
1060,"F","PhD",63,"Other",74,"Full",0,5870
1061,"M","PhD",69,"Other",91,"Full",0,5088
1062,"M","PhD",67,"Other",62,"Full",0,6223
1063,"F","PhD",84,"Other",85,"Assoc",0,4538
1064,"M","PhD",79,"Other",83,"Full",0,5088
1065,"M","PhD",78,"Prof",79,"Full",0,8283
1066,"F","PhD",85,"Prof",85,"Assoc",0,5962
1067,"F","PhD",79,"Other",85,"Full",0,6135
1068,"F","PhD",93,"Other",95,"Assist",0,3085
1070,"F","PhD",93,"Other",93,"Assist",0,4480
1071,"M","PhD",86,"Other",91,"Assoc",0,6590
1072,"M","PhD",80,"Prof",80,"Full",0,8770
1073,"M","PhD",82,"Other",86,"Full",0,5318
1074,"M","PhD",93,"Other",93,"Assist",0,5016
1075,"M","PhD",89,"Prof",94,"Assist",0,3459
1076,"M","PhD",68,"Other",68,"Assoc",1,8382
1078,"M","PhD",66,"Other",66,"Full",0,6135
1079,"M","PhD",69,"Arts",69,"Full",0,5318
1080,"M","PhD",70,"Other",72,"Full",1,10118
1081,"M","PhD",74,"Other",77,"Full",1,9600
1082,"M","PhD",77,"Prof",82,"Assoc",0,5787
1083,"M","PhD",73,"Other",75,"Assoc",0,5236
1084,"M","PhD",85,"Other",94,"Assoc",0,6581
1085,"M","PhD",88,"Other",91,"Assist",0,4048
1086,"F","PhD",78,"Other",83,"Full",0,4945
1087,"M","PhD",83,"Prof",83,"Full",0,6781
1088,"F","PhD",90,"Arts",90,"Assist",0,3667
1089,"F","PhD",90,"Other",93,"Assist",0,4676
1090,"M","PhD",81,"Other",86,"Assoc",0,5398
1091,"M","PhD",75,"Prof",79,"Full",1,11672
1093,"M","PhD",68,"Other",68,"Assoc",0,4480
1094,"M","PhD",67,"Prof",67,"Full",0,7602
1095,"M","PhD",78,"Other",80,"Full",0,8052
1096,"F","PhD",81,"Other",81,"Full",0,7069
1097,"M","PhD",78,"Other",78,"Assoc",0,5095
1098,"F","PhD",81,"Other",82,"Full",0,6040
1099,"M","PhD",61,"Arts",64,"Full",0,6223
1100,"M","PhD",76,"Other",84,"Full",0,6396
1101,"M","PhD",66,"Prof",67,"Full",0,6781
1103,"M","PhD",90,"Prof",91,"Assist",0,5631
1105,"M","PhD",90,"Other",93,"Assist",0,3175
1107,"M","PhD",90,"Other",90,"Assist",0,5318
1108,"M","PhD",68,"Other",75,"Full",0,7171
1109,"M","PhD",66,"Other",87,"Full",0,9744
1110,"M","PhD",73,"Other",68,"Assoc",0,4812
1112,"M","PhD",68,"Arts",72,"Full",0,7602
1113,"M","PhD",68,"Other",79,"Full",1,6977
1114,"M","PhD",66,"Other",70,"Full",0,5168
1115,"M","PhD",74,"Prof",77,"Full",0,7813
1117,"M","PhD",80,"Other",84,"Full",0,5794
1118,"M","PhD",90,"Other",92,"Assist",0,5016
1119,"M","PhD",71,"Other",73,"Full",0,6888
1120,"M","PhD",75,"Other",75,"Full",0,5236
1121,"F","PhD",90,"Other",91,"Assist",0,3828
1122,"M","PhD",87,"Other",91,"Assoc",0,4165
1123,"M","PhD",87,"Other",89,"Assist",0,3939
1124,"M","PhD",92,"Prof",93,"Assist",0,4543.137
1125,"M","PhD",82,"Other",91,"Assoc",0,4875
1126,"M","PhD",63,"Other",71,"Full",0,8402
1127,"M","PhD",65,"Other",66,"Full",0,9037
1128,"M","PhD",77,"Other",76,"Assoc",0,5162
1129,"M","PhD",83,"Other",91,"Assist",0,4112
1130,"F","PhD",77,"Prof",78,"Full",0,10263
1131,"F","PhD",92,"Prof",91,"Assist",0,4292
1133,"M","PhD",92,"Other",89,"Assist",0,4812
1134,"F","PhD",71,"Other",71,"Full",1,8635
1135,"F","PhD",79,"Other",91,"Assoc",0,4225
1136,"F","PhD",87,"Other",92,"Assist",0,3715
1138,"M","PhD",65,"Other",65,"Assoc",0,5242
1139,"F","PhD",71,"Other",76,"Full",0,5962
1140,"M","PhD",71,"Other",79,"Assoc",0,5168
1141,"M","PhD",76,"Other",90,"Assist",0,4812
1142,"M","PhD",92,"Other",90,"Assist",0,4292
1143,"F","PhD",91,"Other",90,"Assist",0,4353
1144,"M","PhD",66,"Other",71,"Full",0,9833
1145,"M","PhD",92,"Other",95,"Assist",0,4048
1146,"M","PhD",89,"Other",90,"Assoc",0,4225
1147,"F","PhD",86,"Other",90,"Assoc",0,5087
1148,"M","PhD",58,"Other",57,"Full",0,9784
1149,"M","PhD",65,"Other",65,"Full",0,8049
1150,"M","PhD",56,"Other",69,"Full",0,8646
1151,"M","PhD",64,"Other",72,"Full",1,9025
1152,"M","PhD",72,"Arts",78,"Full",0,5455
1153,"M","PhD",58,"Other",68,"Assist",0,3921
1154,"M","PhD",72,"Other",87,"Full",0,7171
1155,"F","PhD",74,"Other",79,"Full",0,6590
1156,"M","PhD",75,"Other",77,"Full",0,7602
1157,"M","PhD",81,"Arts",81,"Assoc",0,4881
1158,"M","PhD",86,"Prof",86,"Assoc",0,6781
1159,"F","PhD",90,"Other",93,"Assist",0,4286
1160,"M","PhD",84,"Prof",84,"Assoc",0,6684
1161,"M","PhD",63,"Arts",61,"Full",0,5794
1162,"M","PhD",66,"Other",71,"Full",0,8646
1163,"M","PhD",72,"Other",79,"Assoc",0,4226
1164,"M","PhD",71,"Prof",71,"Full",0,10411
1165,"M","PhD",74,"Prof",84,"Assoc",1,8896
1166,"M","PhD",81,"Other",84,"Full",1,10723
1167,"M","PhD",81,"Other",85,"Full",0,6977
1168,"M","PhD",81,"Other",85,"Full",0,6048
1169,"F","PhD",75,"Prof",73,"Full",0,6040
1171,"F","PhD",84,"Other",94,"Assoc",0,6496
1172,"F","PhD",87,"Arts",89,"Assoc",0,4610
1173,"M","PhD",66,"Other",69,"Full",0,6590
1174,"M","PhD",87,"Other",91,"Assist",0,3715
1175,"M","PhD",69,"Other",69,"Full",0,6781
1176,"F","PhD",70,"Other",70,"Full",1,7813
1177,"M","PhD",68,"Prof",84,"Full",1,11411
1178,"M","PhD",74,"Prof",88,"Full",1,9286
1179,"M","PhD",80,"Other",90,"Full",1,7773
1180,"F","PhD",89,"Arts",93,"Assist",0,4292
1181,"M","PhD",90,"Prof",93,"Assist",0,7823
1182,"M","PhD",65,"Prof",66,"Full",0,7283
1183,"M","PhD",88,"Arts",89,"Assist",0,4112
1184,"M","PhD",94,"Other",95,"Assist",0,4353
1185,"M","PhD",72,"Prof",73,"Assoc",0,6048
1186,"M","PhD",70,"Prof",88,"Full",0,8770
1187,"M","PhD",68,"Prof",71,"Full",0,9154
1188,"F","PhD",74,"Other",80,"Assoc",0,5088.608
1189,"F","PhD",87,"Other",87,"Assoc",0,4676
1190,"M","PhD",77,"Other",93,"Assist",0,5318
1191,"F","PhD",83,"Other",95,"Assoc",0,5551
1192,"M","PhD",92,"Other",93,"Assist",0,4875
1193,"M","PhD",61,"Prof",61,"Full",1,11672
1194,"M","PhD",64,"Prof",63,"Full",0,5712
1195,"F","PhD",76,"Arts",77,"Full",0,6313
1196,"F","PhD",92,"Other",93,"Assist",0,7691
1197,"F","PhD",70,"Other",73,"Full",0,9025
1198,"M","PhD",83,"Prof",83,"Full",0,9025
1199,"F","PhD",80,"Prof",92,"Full",0,9833
1200,"F","PhD",76,"Prof",84,"Assoc",0,5394
1201,"M","PhD",75,"Other",90,"Full",0,8049
1202,"M","PhD",77,"Other",80,"Assoc",0,4676
1203,"M","PhD",93,"Arts",93,"Assist",0,4353
1204,"M","PhD",94,"Arts",95,"Assist",0,4231
1205,"M","PhD",78,"Other",78,"Full",0,6396
1206,"M","PhD",91,"Prof",94,"Assist",0,5712
1207,"M","PhD",94,"Other",93,"Assist",0,7304
1209,"M","PhD",82,"Other",91,"Assoc",0,6496
1210,"M","PhD",75,"Other",81,"Full",0,5551
1211,"M","PhD",75,"Other",87,"Assoc",0,5022
1212,"M","PhD",69,"Other",69,"Full",0,6313
1214,"M","PhD",68,"Prof",87,"Full",0,9693
1215,"M","PhD",80,"Other",88,"Full",0,6223
1216,"M","PhD",80,"Other",80,"Full",0,6135
1217,"M","PhD",61,"Prof",67,"Full",0,9833
1218,"M","PhD",84,"Other",88,"Full",0,5551
1219,"F","PhD",91,"Prof",93,"Assist",0,5318
1220,"M","PhD",62,"Other",70,"Full",1,10958
1221,"F","PhD",91,"Other",91,"Assist",0,4165
1222,"F","PhD",91,"Other",95,"Assist",0,4171
1223,"M","PhD",78,"Prof",81,"Assoc",1,6216
1224,"M","PhD",77,"Other",89,"Full",1,10118
1225,"F","PhD",73,"Arts",78,"Full",0,7283
1226,"M","PhD",80,"Other",81,"Full",1,6496
1227,"M","PhD",91,"Other",91,"Assoc",0,4048
1229,"M","PhD",77,"Other",94,"Full",0,6396
1230,"M","PhD",73,"Other",78,"Full",1,8705
1231,"M","PhD",70,"Prof",86,"Full",0,7283
1232,"M","PhD",73,"Prof",73,"Full",0,6313
1233,"M","PhD",82,"Other",84,"Assoc",0,5388
1234,"M","PhD",81,"Other",91,"Assist",0,3823
1235,"M","PhD",80,"Arts",81,"Assoc",0,4676
1236,"M","PhD",89,"Other",93,"Assist",0,4538
1237,"F","PhD",92,"Prof",95,"Assist",0,4292
1238,"M","PhD",56,"Other",60,"Full",0,8283
1240,"F","PhD",85,"Arts",87,"Assoc",0,4353
1241,"M","PhD",82,"Other",85,"Full",0,5878
1243,"M","PhD",60,"Other",63,"Full",0,5242
1244,"M","PhD",68,"Other",91,"Full",0,12011
1245,"M","PhD",73,"Other",89,"Full",0,7535
1246,"M","PhD",74,"Prof",79,"Full",0,5878
1247,"M","PhD",81,"Other",81,"Assoc",1,9151
1248,"M","PhD",88,"Other",88,"Assoc",0,4676
1249,"F","PhD",86,"Other",90,"Assist",0,4171
1250,"F","PhD",93,"Arts",93,"Assist",0,3828
1251,"M","PhD",69,"Arts",68,"Assoc",0,4610
1252,"M","PhD",68,"Other",76,"Full",0,5878
1253,"F","PhD",67,"Arts",73,"Assoc",0,4610
1254,"M","PhD",85,"Other",85,"Assoc",0,4743
1255,"F","PhD",83,"Other",93,"Assoc",0,5168
1257,"M","PhD",79,"Other",83,"Full",0,5631
1258,"M","PhD",91,"Prof",94,"Assist",0,4165
1259,"M","PhD",80,"Prof",82,"Full",1,9833
1260,"F","PhD",79,"Other",92,"Assoc",0,4875
1261,"M","PhD",71,"Other",70,"Full",1,10855
1262,"F","PhD",76,"Arts",87,"Assoc",0,4544
1263,"M","PhD",74,"Other",74,"Full",1,6496
1264,"M","PhD",75,"Prof",89,"Assoc",0,6977
1265,"F","PhD",88,"Other",91,"Assist",0,4165
1266,"M","PhD",81,"Other",83,"Full",0,4951
1267,"M","PhD",93,"Other",93,"Assist",0,6527
1268,"M","PhD",63,"Other",70,"Full",1,7180
1269,"M","PhD",63,"Other",67,"Full",0,7823
1270,"M","PhD",69,"Arts",66,"Assoc",0,4292
1271,"M","PhD",74,"Arts",72,"Assoc",0,4881
1272,"F","PhD",73,"Other",73,"Full",0,5162
1274,"M","PhD",91,"Other",90,"Assist",0,4353
1275,"F","PhD",86,"Other",89,"Assoc",0,4881
1276,"M","PhD",83,"Prof",88,"Assoc",0,6496
1277,"M","PhD",66,"Other",69,"Full",1,12214
1278,"M","PhD",60,"Other",65,"Full",0,7712
1279,"M","PhD",69,"Arts",71,"Full",0,6404
1280,"M","PhD",87,"Other",84,"Assoc",0,6975
1281,"M","PhD",92,"Prof",93,"Assist",0,5318
1282,"M","PhD",90,"Other",95,"Assist",0,3878
1283,"M","PhD",59,"Arts",65,"Full",0,6878
1284,"F","PhD",90,"Prof",93,"Assist",0,4353
1285,"M","PhD",62,"Other",76,"Full",0,5712
1286,"F","PhD",92,"Other",91,"Assist",0,4231
1287,"F","PhD",89,"Other",91,"Assist",0,4416
1288,"M","PhD",70,"Other",73,"Full",1,6581
1289,"M","PhD",71,"Other",77,"Full",0,7602
1290,"M","PhD",78,"Other",78,"Full",0,6127
1291,"F","PhD",92,"Arts",90,"Assist",0,3667
1292,"M","PhD",59,"Other",78,"Full",0,6590
1294,"M","PhD",67,"Other",67,"Full",0,10105
1295,"M","PhD",62,"Other",65,"Full",1,7283
1296,"F","PhD",75,"Arts",79,"Full",0,4951
1297,"M","PhD",71,"Other",81,"Full",0,5631
1298,"M","PhD",81,"Other",86,"Full",0,5551
1299,"M","PhD",71,"Other",91,"Assoc",0,4670
1300,"F","PhD",76,"Arts",81,"Full",0,5095
1301,"M","PhD",65,"Other",66,"Full",0,7494
1302,"M","PhD",64,"Other",64,"Full",0,7813
1303,"M","PhD",70,"Prof",74,"Full",1,11182
1304,"M","PhD",70,"Other",70,"Full",0,7379
1305,"M","PhD",68,"Other",68,"Full",0,5878
1306,"M","PhD",76,"Other",84,"Full",1,11492
1307,"M","PhD",74,"Prof",87,"Full",0,6404
1308,"M","PhD",70,"Other",70,"Full",1,8155
1309,"M","PhD",81,"Other",95,"Assist",0,5387.5
1310,"M","PhD",88,"Prof",89,"Assoc",0,6048
1311,"F","PhD",80,"Arts",86,"Assoc",0,4881
1312,"F","PhD",90,"Other",90,"Assist",0,5465
1313,"M","PhD",89,"Other",95,"Assist",0,3991
1314,"F","PhD",93,"Prof",93,"Assist",0,5551
1315,"M","PhD",62,"Other",62,"Full",1,7379
1316,"F","PhD",91,"Other",91,"Assist",0,4416
1317,"M","PhD",67,"Prof",59,"Full",0,5787
1318,"M","PhD",75,"Other",74,"Full",0,4881
1319,"M","PhD",66,"Other",66,"Full",1,9143
1320,"M","PhD",84,"Other",84,"Full",0,9162
1321,"M","PhD",84,"Other",83,"Assoc",0,7885
1322,"M","PhD",84,"Prof",95,"Assist",0,5544.041
1323,"M","PhD",82,"Other",92,"Full",0,6781
1324,"M","PhD",78,"Arts",80,"Assoc",0,5318
1325,"M","PhD",64,"Other",62,"Full",0,7283
1326,"M","PhD",67,"Other",73,"Full",0,5088
1327,"M","PhD",67,"Other",63,"Full",0,5878
1328,"M","PhD",85,"Other",88,"Assoc",0,4812
1329,"M","PhD",90,"Prof",91,"Assist",0,6048
1330,"M","PhD",87,"Other",91,"Assoc",0,4165
1331,"M","PhD",83,"Prof",83,"Full",0,6684
1332,"M","PhD",78,"Arts",87,"Assoc",0,5551
1333,"M","PhD",72,"Arts",88,"Full",0,6781
1334,"F","PhD",86,"Arts",89,"Assoc",0,5095
1335,"M","PhD",90,"Prof",89,"Assoc",0,6313
1336,"M","PhD",84,"Other",88,"Full",0,6624
1337,"M","PhD",65,"Other",53,"Full",0,9974
1338,"M","PhD",60,"Other",71,"Assoc",0,4112
1340,"M","PhD",75,"Prof",78,"Full",0,7712
1342,"M","PhD",83,"Other",88,"Full",0,5794
1343,"M","PhD",72,"Other",72,"Full",1,8323
1344,"M","PhD",70,"Other",73,"Full",0,7388
1345,"M","PhD",77,"Other",78,"Assoc",0,6223
1346,"F","PhD",71,"Other",90,"Full",1,6320
1347,"M","PhD",92,"Arts",90,"Assist",0,4812
1348,"M","PhD",85,"Other",95,"Assist",0,5631
1349,"M","PhD",61,"Other",68,"Full",0,8646
1351,"F","PhD",84,"Arts",85,"Assoc",0,4416
1352,"M","PhD",77,"Other",84,"Full",1,7602
1353,"M","PhD",94,"Arts",95,"Assist",0,4053
1354,"F","PhD",87,"Other",90,"Assist",0,4812
1355,"M","PhD",72,"Other",78,"Full",1,6135
1356,"M","PhD",78,"Prof",91,"Assoc",0,6140
1357,"M","PhD",87,"Other",92,"Assist",0,3459
1359,"F","PhD",85,"Other",88,"Full",0,6676
1360,"M","PhD",81,"Other",87,"Assoc",0,5242
1361,"M","PhD",65,"Prof",65,"Full",0,8165
1362,"M","PhD",84,"Other",90,"Assist",0,5022
1363,"M","PhD",69,"Other",68,"Full",1,12270
1364,"M","PhD",69,"Arts",68,"Assoc",0,4231
1365,"M","PhD",78,"Arts",79,"Assoc",1,4743
1366,"F","PhD",76,"Arts",89,"Assist",0,3939
1367,"M","PhD",83,"Other",93,"Assoc",0,5472
1368,"M","PhD",77,"Prof",86,"Full",0,7283
1369,"F","PhD",88,"Other",88,"Assoc",0,5394
1371,"M","PhD",66,"Other",69,"Full",0,12241
1372,"M","PhD",70,"Arts",85,"Full",0,7823
1374,"M","PhD",75,"Other",77,"Full",1,7283
1375,"M","PhD",65,"Prof",66,"Full",1,9681
1376,"F","PhD",81,"Other",86,"Full",0,7180
1377,"M","PhD",73,"Other",75,"Full",1,11783
1378,"M","PhD",76,"Other",76,"Full",0,6977
1379,"M","PhD",71,"Other",74,"Assoc",0,4225
1380,"M","PhD",74,"Other",74,"Full",1,7935
1381,"M","PhD",76,"Prof",87,"Full",0,5705
1382,"M","PhD",89,"Other",91,"Assoc",0,4881
1384,"M","PhD",70,"Prof",70,"Full",0,8283
1385,"M","PhD",78,"Other",87,"Full",0,5962
1386,"M","PhD",69,"Other",85,"Full",0,8402
1387,"M","PhD",82,"Prof",84,"Assoc",0,7388
1388,"M","PhD",72,"Other",74,"Full",0,7078
1389,"F","PhD",71,"Arts",71,"Full",0,6135
1391,"M","PhD",78,"Prof",78,"Full",0,6048
1392,"M","PhD",90,"Other",90,"Assist",0,5631
1393,"F","PhD",90,"Arts",91,"Assist",0,3414
1394,"F","PhD",91,"Other",91,"Assist",0,5963
1395,"M","PhD",59,"Other",59,"Full",0,6223
1396,"M","PhD",82,"Other",84,"Assoc",0,4225
1397,"M","PhD",61,"Other",88,"Full",0,12184
1398,"M","PhD",84,"Other",90,"Assoc",0,5705
1399,"F","PhD",62,"Other",62,"Full",0,6684
1400,"M","PhD",73,"Prof",84,"Full",0,6496
1401,"M","PhD",68,"Other",67,"Full",0,10363
1402,"M","PhD",89,"Prof",89,"Assist",0,5712
1403,"M","PhD",71,"Other",71,"Full",0,5962
1404,"M","PhD",73,"Other",72,"Full",0,5631
1405,"F","PhD",87,"Other",87,"Assoc",0,4286
1406,"M","PhD",75,"Other",80,"Full",1,6590
1407,"F","PhD",91,"Other",91,"Assist",0,4231
1408,"M","PhD",68,"Prof",69,"Full",0,10867
1409,"M","PhD",54,"Other",56,"Full",0,5962
1410,"M","PhD",69,"Other",83,"Full",0,6127
1412,"F","PhD",94,"Other",94,"Assist",0,4544
1413,"M","PhD",65,"Other",80,"Full",0,9974
1414,"M","PhD",59,"Other",69,"Full",0,7602
1415,"F","PhD",71,"Arts",71,"Full",0,6496
1416,"M","PhD",72,"Other",79,"Full",1,6781
1417,"M","PhD",67,"Other",68,"Assist",0,3318
1418,"M","PhD",87,"Other",87,"Assoc",0,5242
1419,"M","PhD",61,"Other",62,"Full",1,10118
1420,"M","PhD",64,"Arts",90,"Full",0,9974
1421,"M","PhD",69,"Other",84,"Full",0,8283
1422,"M","PhD",86,"Other",92,"Assoc",0,4165
1424,"M","PhD",74,"Other",73,"Full",0,5546
1425,"F","PhD",85,"Other",94,"Assoc",0,5962
1426,"F","PhD",87,"Other",90,"Assist",0,4610
1427,"M","PhD",73,"Other",90,"Full",1,7925
1428,"M","PhD",70,"Other",73,"Full",0,5878
1431,"M","PhD",65,"Prof",74,"Full",0,12184
1432,"M","PhD",67,"Other",69,"Full",0,13998
1433,"F","PhD",82,"Prof",90,"Full",0,9833
1434,"M","PhD",82,"Other",87,"Assoc",0,5631
1435,"M","PhD",77,"Prof",77,"Full",1,11024
1436,"F","PhD",84,"Other",85,"Assoc",0,4743
1437,"M","PhD",83,"Other",85,"Assoc",0,4743
1438,"F","PhD",82,"Other",88,"Assoc",0,4538
1440,"M","PhD",92,"Other",91,"Assist",0,4171
1442,"F","PhD",79,"Other",93,"Assist",0,5022
1443,"M","PhD",87,"Other",95,"Assist",0,3878
1444,"M","PhD",70,"Other",75,"Full",0,7482
1445,"M","PhD",85,"Other",91,"Assist",0,4544
1447,"M","PhD",88,"Other",93,"Assist",0,3175
1449,"M","PhD",89,"Other",91,"Assist",0,3877.924
1451,"M","PhD",78,"Other",91,"Full",0,6496
1452,"F","PhD",87,"Prof",90,"Assist",0,5472
1454,"M","PhD",90,"Prof",95,"Assist",0,5472
1458,"M","PhD",59,"Other",72,"Full",0,6404
1459,"M","PhD",76,"Other",73,"Full",0,4951
1462,"M","PhD",73,"Other",71,"Assoc",0,8140
1463,"M","PhD",79,"Other",80,"Assoc",0,8800.06
1464,"M","PhD",58,"Other",61,"Full",0,6135
1465,"F","PhD",82,"Other",87,"Full",0,8195
1466,"M","PhD",74,"Other",74,"Full",0,5712
1467,"M","PhD",68,"Other",68,"Assoc",0,4473
1468,"F","PhD",79,"Other",88,"Full",0,8165
1469,"M","PhD",66,"Other",69,"Full",0,5168
1470,"M","PhD",69,"Other",69,"Assoc",0,4416
1471,"M","PhD",73,"Other",87,"Full",0,5292
1472,"M","PhD",90,"Other",90,"Assist",0,4048
1473,"M","PhD",89,"Arts",89,"Assoc",0,4544
1474,"F","PhD",77,"Arts",79,"Full",0,5242
1475,"F","PhD",76,"Arts",87,"Full",1,6223
1477,"M","PhD",87,"Other",94,"Assoc",0,4737
1478,"F","PhD",84,"Other",90,"Assoc",0,4348
1479,"F","PhD",87,"Other",87,"Assoc",0,5318
1480,"M","PhD",72,"Other",70,"Assoc",0,6404
1481,"M","PhD",92,"Other",93,"Assoc",0,5962
1482,"M","PhD",66,"Other",66,"Assoc",0,3934
1483,"F","PhD",72,"Other",73,"Full",0,6590
1484,"M","PhD",83,"Other",89,"Assoc",0,4474
1485,"F","PhD",92,"Prof",95,"Assist",0,5168
1486,"M","PhD",63,"Prof",69,"Full",0,5631
1487,"M","PhD",72,"Other",74,"Assoc",0,6127
1488,"M","PhD",64,"Prof",64,"Full",0,6590
1489,"F","PhD",91,"Other",92,"Assist",0,4106
1490,"M","PhD",60,"Other",64,"Full",0,5962
1491,"M","PhD",60,"Other",61,"Full",0,8896
1492,"M","PhD",57,"Prof",70,"Full",0,10867
1493,"F","PhD",77,"Other",89,"Assoc",0,4604
1494,"M","PhD",69,"Prof",73,"Full",0,10411
1495,"M","PhD",56,"Prof",80,"Full",0,7712
1496,"M","PhD",76,"Prof",79,"Assoc",0,7823
1497,"F","Other",77,"Other",82,"Full",0,5794
1499,"F","Other",84,"Arts",93,"Assist",0,4053
1500,"F","Other",79,"Other",89,"Assoc",0,5095
1502,"F","Other",86,"Arts",93,"Assist",0,4053
1503,"F","Other",72,"Arts",84,"Full",0,9420
1504,"F","Other",89,"Arts",93,"Assist",0,3667
1505,"M","Other",60,"Other",68,"Full",0,7823
1506,"F","Other",82,"Other",86,"Assoc",0,5242
1507,"M","Other",49,"Arts",57,"Full",0,7283
1508,"M","Other",73,"Arts",76,"Full",0,8896
1509,"M","Other",62,"Arts",65,"Assoc",0,4112
1510,"F","Other",90,"Other",95,"Assist",0,4292
1511,"M","Other",61,"Prof",76,"Full",0,9120
1512,"M","Other",89,"Other",94,"Assist",0,4480
1513,"M","Other",74,"Other",74,"Assoc",0,4292
1514,"F","Other",89,"Other",93,"Assist",0,4676
1516,"M","Other",87,"Other",89,"Assoc",0,4945
1517,"M","Other",61,"Arts",62,"Full",0,4951
1518,"F","Other",77,"Arts",88,"Full",0,5318
1519,"M","Other",67,"Arts",71,"Full",0,5712
1520,"M","Other",64,"Arts",62,"Assoc",0,4231
1521,"F","Other",81,"Arts",87,"Full",1,6496
1522,"M","Other",61,"Arts",67,"Full",0,5168
1524,"F","Other",74,"Arts",89,"Assoc",0,4480
1525,"M","Other",74,"Other",87,"Assoc",0,4881
1526,"F","Other",74,"Other",77,"Full",0,4881
1528,"M","Other",67,"Arts",68,"Full",0,6048
1529,"M","Other",74,"Arts",84,"Full",0,6404
1531,"M","Other",67,"Other",90,"Full",0,6047.761
1532,"M","Other",84,"Other",89,"Assoc",0,4480.597
1533,"F","Other",72,"Other",76,"Assoc",0,5168
1534,"M","Other",68,"Other",70,"Assoc",0,5168
1535,"M","Other",64,"Other",48,"Full",0,8049
1536,"M","Other",76,"Other",92,"Assoc",0,5095
1537,"M","Other",72,"Other",85,"Full",0,7283
1538,"F","Other",79,"Other",89,"Assoc",1,5551
1539,"M","Other",80,"Other",80,"Assoc",0,4950.746
1540,"F","Other",54,"Other",70,"Full",0,7078
1541,"F","Other",64,"Other",77,"Assoc",0,4812
1542,"M","Other",72,"Other",90,"Assoc",0,5394.03
1544,"M","Other",68,"Other",95,"Full",1,10181
1545,"F","Other",67,"Other",95,"Full",0,6684
1546,"M","Other",73,"Prof",85,"Assoc",0,7823
1547,"M","Other",77,"Other",77,"Full",0,6772
1548,"M","Other",66,"Other",77,"Assoc",1,6684
1549,"M","Other",68,"Other",84,"Assoc",0,5242
1550,"F","Other",88,"Other",95,"Assist",0,3615
1551,"M","Other",87,"Other",95,"Assist",0,4416
1552,"F","Other",83,"Arts",85,"Assoc",1,5472
1553,"F","Other",91,"Arts",95,"Assist",0,3939
1554,"M","Other",93,"Arts",95,"Assist",0,4292
1556,"F","Other",90,"Arts",95,"Assist",0,3883
1557,"M","Other",84,"Arts",84,"Assoc",0,4416
1558,"M","Other",78,"Arts",84,"Full",0,5551
1559,"M","Other",78,"Arts",93,"Assist",0,3828
1560,"M","Other",70,"Arts",70,"Full",0,6313
1561,"M","Other",53,"Arts",70,"Full",0,6590
1563,"F","Other",67,"Arts",80,"Full",0,6048
1564,"M","Other",63,"Arts",64,"Full",0,7180
1566,"F","Other",89,"Arts",93,"Assist",0,3883
1567,"M","Other",92,"Arts",94,"Assist",0,3996
1568,"F","Other",85,"Arts",93,"Assist",0,4053
1569,"F","Other",90,"Other",94,"Assist",0,4480
1570,"F","Other",87,"Arts",94,"Assist",0,3996
1571,"M","Other",63,"Arts",63,"Full",0,5168
1572,"F","Other",85,"Arts",86,"Assoc",0,4112
1573,"M","Other",67,"Arts",68,"Full",0,4951
1574,"M","Other",81,"Arts",81,"Full",0,4951
1575,"M","Other",78,"Arts",92,"Assoc",0,6048
1576,"M","Other",83,"Arts",89,"Assoc",0,4544
1577,"M","Other",79,"Arts",94,"Full",0,6684
1578,"M","Other",84,"Arts",93,"Assist",0,3720
1579,"M","Other",69,"Arts",72,"Assoc",0,4951
1580,"F","Other",79,"Arts",83,"Full",0,5022
1581,"M","Other",73,"Other",92,"Assoc",1,5472
1582,"F","Other",88,"Arts",88,"Assoc",0,5022
1583,"M","Other",73,"Arts",78,"Full",0,6223
1584,"M","Other",80,"Arts",88,"Assoc",0,4676
1585,"F","Other",78,"Other",91,"Assoc",0,5786
1586,"M","Other",88,"Other",94,"Assist",0,3883
1587,"M","Other",75,"Other",82,"Assoc",0,4881
1588,"M","Other",66,"Other",74,"Full",1,6135
1589,"M","Other",72,"Other",72,"Full",0,4806
1590,"M","Other",71,"Arts",80,"Full",0,4812
1591,"M","Other",79,"Arts",87,"Assoc",0,5168
1592,"M","Other",61,"Arts",66,"Full",0,4743
1593,"F","Other",73,"Other",80,"Full",0,5236
1594,"M","Other",73,"Other",78,"Assoc",0,4231
1595,"F","Other",67,"Other",88,"Assoc",0,4348
1596,"F","Other",68,"Other",68,"Assoc",1,4881
1597,"F","Other",67,"Other",67,"Assoc",0,4171
1598,"F","Other",74,"Other",78,"Assoc",0,3991
1599,"F","Other",92,"Other",95,"Assist",0,4875
1600,"F","Other",68,"Other",76,"Assist",0,3463.636
1601,"F","Other",66,"Other",60,"Assoc",0,4225
1602,"M","Other",55,"Other",93,"Full",0,5387.423
1605,"F","Other",78,"Other",79,"Assoc",0,5237
1606,"F","Other",66,"Arts",76,"Full",0,5022
1607,"M","Other",71,"Other",75,"Assoc",0,4353
1608,"M","Other",92,"Other",93,"Assist",0,4353
1609,"M","Other",74,"Arts",75,"Full",0,5712
1610,"M","Other",81,"Prof",83,"Full",0,9556
1611,"M","Other",72,"Other",82,"Full",1,8125
1612,"M","Other",61,"Other",91,"Full",0,4538
1613,"F","Other",71,"Other",79,"Assoc",0,6781
1614,"M","Other",84,"Other",95,"Assist",0,8333
1615,"F","Other",71,"Other",77,"Full",0,5631
1616,"F","Other",75,"Prof",75,"Assoc",0,6684
1617,"F","Other",75,"Prof",75,"Full",1,8402
1618,"F","Other",75,"Other",89,"Assoc",0,4172
1619,"M","Other",88,"Arts",94,"Assist",0,3996
1620,"F","Other",65,"Other",71,"Full",1,6676
1621,"M","Other",67,"Other",80,"Assoc",0,4881
1622,"M","Other",75,"Other",88,"Assist",0,4091
1623,"F","Other",78,"Other",93,"Assist",0,4286
1624,"M","Other",87,"Other",93,"Assist",0,4231
1625,"F","Other",65,"Other",90,"Assist",0,4676
1627,"F","Other",81,"Other",86,"Assoc",0,5311
1628,"M","Other",66,"Other",90,"Full",1,8392
1629,"F","Other",79,"Other",80,"Full",0,6396
1631,"M","Other",65,"Other",72,"Full",0,6781
1632,"F","Other",56,"Other",63,"Assoc",0,5242
1633,"M","Other",61,"Other",66,"Assoc",0,5236
1634,"M","Other",68,"Other",71,"Assoc",0,6040
1635,"M","Other",68,"Other",89,"Assoc",0,4480
1636,"M","Prof",69,"Other",69,"Full",0,7485
1637,"M","Prof",56,"Other",67,"Full",0,9681
1638,"M","Prof",78,"Other",78,"Full",0,7170
1639,"M","Prof",70,"Other",93,"Assist",0,5016
1640,"M","Prof",66,"Other",66,"Full",0,8392
1641,"F","Prof",68,"Other",67,"Full",0,7068.75
1642,"M","Prof",53,"Other",76,"Full",0,8831.001
1643,"M","Prof",72,"Other",79,"Full",1,9143
1644,"M","Prof",75,"Other",79,"Full",0,7069
1646,"M","Prof",77,"Other",84,"Full",0,6128
1647,"F","Prof",76,"Other",93,"Assoc",0,6488
1648,"M","Prof",73,"Other",90,"Assoc",0,5544
1649,"M","Prof",71,"Other",75,"Full",0,10398
1650,"M","Prof",79,"Other",88,"Assoc",0,6395.855
1651,"M","Prof",69,"Other",74,"Full",0,8392
1652,"F","Prof",74,"Other",92,"Assist",0,4737
1653,"M","Prof",69,"Other",71,"Assoc",0,6306
1654,"M","Prof",71,"Other",72,"Full",1,8039
1655,"M","Prof",72,"Other",77,"Assoc",0,6216
1656,"M","Prof",74,"Other",74,"Full",0,6216
1657,"M","Prof",80,"Other",93,"Assist",0,5016
1658,"M","Prof",90,"Other",95,"Assist",0,5088
1659,"M","Prof",67,"Other",89,"Assoc",1,8635
1660,"M","Prof",66,"Other",92,"Full",1,13414
1661,"M","Prof",61,"Other",67,"Assist",1,7171
1662,"M","Prof",57,"Other",81,"Full",0,11169
1663,"M","Prof",57,"Other",59,"Full",0,8392
1664,"M","Prof",68,"Other",71,"Full",0,7379
1665,"M","Prof",57,"Other",79,"Full",0,6488
1666,"M","Prof",69,"Other",69,"Full",1,7829
1667,"M","Prof",67,"Other",78,"Assoc",1,6405
1668,"F","Prof",69,"Other",91,"Assist",0,4604
1669,"M","Prof",55,"Other",56,"Full",0,6604
1670,"M","Prof",72,"Other",72,"Assoc",0,4806
1671,"M","Prof",66,"Other",66,"Full",1,8039
1672,"M","Prof",74,"Other",78,"Full",0,5162.162
1673,"M","Prof",67,"Other",67,"Assoc",0,5088
1674,"M","Prof",74,"Other",85,"Assoc",0,6127
1675,"M","Prof",81,"Other",86,"Assoc",0,5388
1676,"M","Prof",78,"Other",83,"Full",0,6696
1677,"M","Prof",72,"Other",74,"Full",0,7379
1678,"M","Prof",58,"Other",86,"Full",0,7274
1679,"M","Prof",64,"Other",73,"Assoc",1,7274
1680,"F","Prof",83,"Other",93,"Assist",0,5235.556
1681,"M","Prof",85,"Other",91,"Assist",0,5236
1682,"M","Prof",72,"Other",75,"Assoc",1,7026
1683,"M","Prof",81,"Prof",89,"Full",0,7283
1685,"M","Prof",65,"Prof",79,"Full",0,11507
1686,"M","Prof",71,"Prof",75,"Full",0,6135
1688,"M","Prof",87,"Prof",88,"Full",0,6313
1689,"M","Prof",73,"Prof",75,"Full",0,9974
1690,"M","Prof",67,"Prof",76,"Full",1,8896
1691,"M","Prof",68,"Prof",95,"Full",0,12901
1692,"F","Prof",75,"Prof",84,"Full",0,9556
1693,"M","Prof",72,"Prof",92,"Assist",0,7935
1694,"M","Prof",61,"Prof",64,"Full",0,11024
1695,"M","Prof",58,"Prof",65,"Full",0,9025
1696,"F","Prof",70,"Prof",72,"Full",0,9693
1698,"M","Prof",76,"Prof",81,"Full",0,9556
1699,"M","Prof",78,"Prof",84,"Full",0,7823
1700,"M","Prof",66,"Prof",70,"Full",0,7283
1701,"F","Prof",91,"Prof",94,"Assist",0,8049
1702,"M","Prof",61,"Prof",64,"Full",1,12524
1703,"M","Prof",72,"Prof",55,"Full",0,11343
1705,"F","Prof",78,"Prof",85,"Full",0,7823
1706,"M","Prof",84,"Prof",89,"Full",0,6590
1707,"M","Prof",79,"Prof",85,"Full",1,8283
1708,"M","Prof",54,"Prof",56,"Full",0,11507
1709,"F","Prof",87,"Prof",95,"Assist",0,6112
1711,"M","Prof",62,"Prof",64,"Full",0,9974
1712,"M","Prof",71,"Other",92,"Full",0,7591.793
1713,"M","Prof",77,"Other",82,"Assoc",1,6313
1714,"M","Prof",73,"Prof",86,"Full",0,9556
1715,"F","Prof",83,"Prof",87,"Full",0,7180
1716,"M","Prof",73,"Prof",67,"Full",0,11182
1717,"F","Prof",69,"Other",93,"Assoc",1,7026
1718,"M","Prof",56,"Other",76,"Full",1,7379
1719,"M","Prof",71,"Prof",74,"Full",0,10974
1720,"M","Prof",68,"Prof",76,"Full",0,11024
1721,"F","Prof",76,"Prof",85,"Full",0,8155
1722,"M","Prof",58,"Prof",64,"Full",0,11343
1723,"F","Prof",89,"Other",95,"Assist",0,4500
1724,"M","Prof",77,"Other",83,"Full",0,5787
1725,"M","Prof",80,"Other",80,"Assoc",0,4348
1726,"M","Prof",77,"Other",78,"Full",1,5298
1729,"M","Prof",70,"Other",71,"Full",1,7590
1730,"M","Prof",77,"Other",84,"Assoc",0,4538
1734,"M","Prof",75,"Other",89,"Assist",0,4737
1735,"M","Prof",83,"Other",90,"Assoc",0,5544
1736,"M","Prof",71,"Other",95,"Assoc",0,6676
1737,"M","Prof",79,"Other",94,"Assist",0,5719
1738,"M","Prof",73,"Other",80,"Assoc",1,7778
1739,"M","Prof",76,"Other",85,"Full",0,5705
1740,"F","Prof",82,"Other",86,"Assoc",0,6216
1741,"M","Prof",60,"Other",79,"Full",0,9962
1742,"F","Prof",88,"Other",91,"Assist",0,4165
1743,"F","Prof",84,"Other",93,"Assist",0,3934
1744,"F","Prof",87,"Other",95,"Assist",0,5016
1745,"F","Prof",79,"Other",81,"Assoc",0,3933.75
1746,"M","Prof",73,"Other",76,"Full",0,8155
1747,"M","Prof",64,"Other",81,"Full",0,8366
1748,"M","Prof",79,"Other",88,"Full",0,5787
1751,"M","Prof",72,"Other",83,"Assoc",0,8392
1752,"M","Other",70,"Arts",87,"Full",0,6048
1753,"M","Other",69,"Arts",84,"Assoc",0,4610
1755,"M","Other",78,"Arts",89,"Assist",0,4544
1756,"M","Other",60,"Other",77,"Full",0,6781.333
1757,"F","Other",69,"Other",82,"Full",1,6610
1758,"M","Other",66,"Other",91,"Full",0,6134.667
1760,"F","Other",77,"Arts",95,"Assist",0,4171
1761,"M","Other",56,"Arts",68,"Full",1,5022
1762,"M","Other",67,"Other",91,"Assoc",0,4411
1763,"M","Other",68,"Other",92,"Full",0,11840
1764,"M","Other",71,"Other",77,"Full",0,6313
1765,"M","Other",55,"Arts",68,"Full",0,4951
1766,"M","Other",55,"Arts",68,"Full",1,7593
1767,"M","Other",56,"Arts",91,"Full",0,7823
1768,"F","Other",70,"Arts",85,"Assoc",0,4292
1769,"M","Other",57,"Arts",77,"Full",0,7494
1770,"M","Other",51,"Other",64,"Full",0,5712
